
     0     28     65     20     52     68     55     11      7      5     19     76     53     67     93      5     78     49     84     64     53     36     27     69     50     56     64     54     13      2     25     39     52     59      6      8     12     39     40     90 


 1000000      8     65     38     83     64      1     80     81     16     99     91     55     66     78     25     24     21     10     55     30     94     18      5     24     12     24     94     26     21      8     26     38     42     50     99     53     91      1     29 


     0     75    980    352    109    334    869    148    389    293    501    364    487    667    268    475    757     13    993    438     44    847    611    663    727    847    608    802    200    240    352    548    293   1000    929    224    522    383    657    421 
    75      0    890     72    342    450    257     93    295    261    103    577    878    939    687    465    950    418    958    218    234    736    484    978    715    442    385     17    438    131    777    479    946     92    609    514    136    186    598    490 
   980    890      0     68    532    217    273    968    999    329     79    928    275    475    958    883    320    409    191    351    256    491     41    514    856    880    411    596    425    520    429    646    489    801    664    962    748    778    431    790 
   352     72     68      0    125    725    347    383    405    737    480     32    112    656    193    914    439    753    646    484    631     62    156    872    329    738      5    337      4    383    712    248    904    501     36    578    108    135    564    836 
   109    342    532    125      0    454     68    471    306    229    682     37    462    917    838    228    656    253    441    878    104    190    347    424    273    767    299    644    156     25    174    622    330    577    702     41    150    716    311    717 
   334    450    217    725    454      0    205    964    278    517    843    984    829    457    104    628    908     35    411    207    677    356    115    267    449    761    150    227    174    377    304    335    901    384    148    403    731    387    380    556 
   869    257    273    347     68    205      0    565    892    969    855    224    489    607    119    967    550    318     54    198    743    502    552    897    279    485    101    674    317    800    576    706    553    163    928    279     27     78    142    270 
   148     93    968    383    471    964    565      0    884    157    943     44    752     94    367    895    533    968    603     72    906    842    231    483    428    648     54    713    283    268    503    254    808    763    518    328    178    973    524    347 
   389    295    999    405    306    278    892    884      0    956     69    754    896    776    813    409    582    833    908    820    154    714    246    197    104    180    918    242    574    771    585    598    630    145    859    426    494    868     60    684 
   293    261    329    737    229    517    969    157    956      0    188     36    322    544    189    195    163    454    690     42    306    142    547    970    422    348    815    417    807    744    235    105    226    906    632    472    768   1000     86    120 
   501    103     79    480    682    843    855    943     69    188      0    314    715    130     69    601    937    744     20    972    826    770    769    735    102    767     25    506    419    345    317     63    732    535    155    263    199      7    268    149 
   364    577    928     32     37    984    224     44    754     36    314      0    508    553    337     31    716    950    909    270    204    249     89    661    856    148    979    830    256    749    332    506    152    134    243    777    850    389      2    746 
   487    878    275    112    462    829    489    752    896    322    715    508      0    367    663    369    340    416    591    855    101    348    927    152    761    813    464    619    529    158    208    486    743    427    394      1    750    847    128    577 
   667    939    475    656    917    457    607     94    776    544    130    553    367      0    167    113    576    999    772     24      8    737    748    112    587    726    845      1    391    966    741    876     15    651     22    905    937    291    581    739 
   268    687    958    193    838    104    119    367    813    189     69    337    663    167      0    577    414    273     91    322    611     70    732    844    600    586    902    338    412     14    799    622    937      9    454    283    599    111    428    496 
   475    465    883    914    228    628    967    895    409    195    601     31    369    113    577      0     55    738    276    104    582    517    409    587    331    980    197    600    932    561    841    358    919    861    184    168      5    567    984    917 
   757    950    320    439    656    908    550    533    582    163    937    716    340    576    414     55      0    577    382    217    151    867    838    424    918    908    594    290    360    564    961    575    403    170     97    147     68    312    669    218 
    13    418    409    753    253     35    318    968    833    454    744    950    416    999    273    738    577      0    526    613    866    166    455     40    518    990    491    283    458    529    767     54    125    466    537    728    212    245    135    906 
   993    958    191    646    441    411     54    603    908    690     20    909    591    772     91    276    382    526      0    556    298    702    618    832     99    270    267    214    287    900    723    745    599    655    610     44     61    949    627     50 
   438    218    351    484    878    207    198     72    820     42    972    270    855     24    322    104    217    613    556      0    297    788    907    132    352    750    798    810    172    637     21    459    560    127     21    436     47    699    498    806 
    44    234    256    631    104    677    743    906    154    306    826    204    101      8    611    582    151    866    298    297      0    669    275    113    791    622    281    442    110    916    699    726    677    156    202    635     86    251    475    120 
   847    736    491     62    190    356    502    842    714    142    770    249    348    737     70    517    867    166    702    788    669      0    758    936    510    781    891    985     14    550    862    268      9    277     12    630    863    304    448    828 
   611    484     41    156    347    115    552    231    246    547    769     89    927    748    732    409    838    455    618    907    275    758      0    727    281     88    643    729    526    176    473    497    190    449    527    218    626     20    965    347 
   663    978    514    872    424    267    897    483    197    970    735    661    152    112    844    587    424     40    832    132    113    936    727      0    525     32    123    118    477    661    324    184    512    187    359    568     89    757    923    168 
   727    715    856    329    273    449    279    428    104    422    102    856    761    587    600    331    918    518     99    352    791    510    281    525      0    613    967    249    833    628    811    726    324    263    194    191    560     76    990    414 
   847    442    880    738    767    761    485    648    180    348    767    148    813    726    586    980    908    990    270    750    622    781     88     32    613      0    627    333     21    720    159    177    983     58    155    126    924    965    266    193 
   608    385    411      5    299    150    101     54    918    815     25    979    464    845    902    197    594    491    267    798    281    891    643    123    967    627      0    909     67    832    833    694    113    940    458    444    954    834     12     83 
   802     17    596    337    644    227    674    713    242    417    506    830    619      1    338    600    290    283    214    810    442    985    729    118    249    333    909      0    175    391    331    934    276    157     24    891    891    553    404    955 
   200    438    425      4    156    174    317    283    574    807    419    256    529    391    412    932    360    458    287    172    110     14    526    477    833     21     67    175      0    151    572    507    324    202    247    892    969    532    554    632 
   240    131    520    383     25    377    800    268    771    744    345    749    158    966     14    561    564    529    900    637    916    550    176    661    628    720    832    391    151      0    176    638    673    545     87    374    509    331    560    332 
   352    777    429    712    174    304    576    503    585    235    317    332    208    741    799    841    961    767    723     21    699    862    473    324    811    159    833    331    572    176      0    402    633    438    827    248    882    806    670    132 
   548    479    646    248    622    335    706    254    598    105     63    506    486    876    622    358    575     54    745    459    726    268    497    184    726    177    694    934    507    638    402      0    740    473    737    303    507      4    747    493 
   293    946    489    904    330    901    553    808    630    226    732    152    743     15    937    919    403    125    599    560    677      9    190    512    324    983    113    276    324    673    633    740      0    284    152    598    225    165    939     47 
  1000     92    801    501    577    384    163    763    145    906    535    134    427    651      9    861    170    466    655    127    156    277    449    187    263     58    940    157    202    545    438    473    284      0    349    796    180    143    441     30 
   929    609    664     36    702    148    928    518    859    632    155    243    394     22    454    184     97    537    610     21    202     12    527    359    194    155    458     24    247     87    827    737    152    349      0    136    438    423    494    347 
   224    514    962    578     41    403    279    328    426    472    263    777      1    905    283    168    147    728     44    436    635    630    218    568    191    126    444    891    892    374    248    303    598    796    136      0     72    371    656    716 
   522    136    748    108    150    731     27    178    494    768    199    850    750    937    599      5     68    212     61     47     86    863    626     89    560    924    954    891    969    509    882    507    225    180    438     72      0     17    250    588 
   383    186    778    135    716    387     78    973    868   1000      7    389    847    291    111    567    312    245    949    699    251    304     20    757     76    965    834    553    532    331    806      4    165    143    423    371     17      0    413     63 
   657    598    431    564    311    380    142    524     60     86    268      2    128    581    428    984    669    135    627    498    475    448    965    923    990    266     12    404    554    560    670    747    939    441    494    656    250    413      0    107 
   421    490    790    836    717    556    270    347    684    120    149    746    577    739    496    917    218    906     50    806    120    828    347    168    414    193     83    955    632    332    132    493     47     30    347    716    588     63    107      0 
