
     0     75     23     32     85      4     31     20     91     19     59     29     81     90     15     34     92      9     60      3     84     40     50     71      1     97     17     59     42     94     36     78     36     13     31      4     54     82      8      3     13     41     43     23     96     75     12     92     87      1     27      4     16     74     88     73     92     27     75     47     80     41     22     10     18     20     15     27     91     41     99     99     15     39     60     48     91     30     82     69     60     58     55     30     19     89     82     92     76     16     98     81      9     55     61     86     26     60      9      7 


 1000000     14      8      3      9     15     66     26     84     47     24     13     69     60     52     65     95     27     88     20     44     90     26     24     76     19     92     53      6     36     34     17     84      2     64      9     89     14     75     30     33     35     25     49     97     48     38     76     10     67     72     13     87     90      5     95     22      9     29     38     40     10     30     19     95     30     29     36     68      4     30     64     21     65     68     14     32     56     53     99     37     85     54     67     36     96     10     69     63     53     34     54     45      8     86     96     55     16     93     94 


     0    569    175    922     97    582    388    556    949    707    471    153    760    283    224    768    200    130    311    957    294     62    722    285    889    589    323    939    815    856    343    499    633     13    938    618    455    722    104    229    707    889    364     64    736    233    451    507    691    965    182    915    814    662    920    600    572    279    139    935    460     25    553    228    386    128    673    190    671    360    102    126     25     86    139    533    306    483    816    470    529    625    156    598    959    365    357    424    271    225    927    276    862    259    517    835    401    986    511    802 
   569      0    303    338    395    149    238    727    749    333    280    376    828    204    257     75    913     16    251    919     51    856    360    112    826    219    885    890    662    428    728    619    956    865    841    481    450    148    422    199    519    931    574    129    281    204    603    965    329    428    764    391     24    603     63    308    896    716    770     18    423    551    330    399    706    206    493    931    122    579    840    681    521    486    203    832    804    957    866    286    204    504    227    277    859    147    513    521    119    134    586    449    795    972    736    384    107     65    678    982 
   175    303      0    446    507    496    859    368    849    565      3    480    345    982    711    706    612    470    670    147    582    862    143    121    534    504    859     55     69    391    138    979    933    640    800    844     51    412    383    977    843    157    202    780    963    176    977    200     86    874    810    760     53    171    908    173    221     72    799    487    272    754    296    232    991    449    428    469    385    519    240    528    152    750    695    355    355    866     60    419    124    197    816    684    484    520    955    298    642    666    972    488    898    195    171    701    559    277    332     34 
   922    338    446      0    737     45    827    503    535    324    896    243    502    206    167    849    277    579    952    635    239      4     39    610    211    488    952    186    210    932    144    415    482    951    578    257    942    126    879    479    340    131    265    213    887     94    295    790    851    706    358    613    349    355    325    147     36    393    912    991    910    265    107     51    743    572    104    696    168    916    368    951    883     79    962    870     45    613    233     18    507    646    326    177     10    875    317    588    642    340    450    874    477     63    633    207     17    896    275    189 
    97    395    507    737      0     84     34    502     62    726    901     25    550    400    866    170    228     43    842    466    169     23    774    478     89     75    562     39    642    167    659    916    124    228    781     54    305    241    838    277    152    571    157    640    149    873    417    194    764    399     14     91    992    138      6     60    175    246    499     26    278    122    851    275    245    160    634    278      3    970    153    646    758    811    338     36    397    272     20    243    334     35     88    114     54    266    542    996    568    310    863    908    432    538    177    927    653    674    795    208 
   582    149    496     45     84      0    419    486    266    631    234     89    932    701    480    904    722    152    122    829    263    872     48     97    539    841    358    116    747     55    208    666     87    496     80    665    153    706     77    506    480    210    408    460    359    888    973    962    756    437    237    352    119    747    501    203    341    103    558    375    345    434    991    810    876    666    178    102    423    504    234    353     12    702     29    674    588    832    904    694    100    402    151    143     58    825    951    383    142    254    654    152    954    716      6    160    199     85     74     96 
   388    238    859    827     34    419      0    251    488    427    129    371    558    491    174    243     86    861    124    914    864    261    883    141     66    937    595    215    106    225    544    973    170     36    129      4    463    710    725    557    967     32     97    530    845    112    818    775    633    269    163    655    322    162    496    977    301    115    576    402    151     47    447    904    383    316    294    979    193    501    208    917    297    154    467    374    589    128    264    460    775      5    496    691    170     92    323    276    513    147    841    290    226    543    176     73    201    919      5    447 
   556    727    368    503    502    486    251      0    287    788      9    730    535     11    889    358     52    144    480    953    516    338    143    684    931    935    954    407    284    701     66     97    849     56    457    464    790    478    672    577    885    552     10    500    337    274    235    847    839    520    233    735    182    265    176    928    192    498    115    284    344    282    428    611     48    403    267    333    635    909    308    452    746    146    614    833    509      5    263    947    234    425    152    219    804    790    276    290    330     60    227    204    295    400    711    534    197    941    273    144 
   949    749    849    535     62    266    488    287      0    479    857    261    339    312    948    811    436    730    164    785    507     35    785    667    538    453     30    179    824    404    718    955    287    171    128    754    859     72     55      6    357    109    806    378     77     88    877    838    121    552    657    390    114    829    615     71     33    183    110    397     46    815     41    105     33    597    542    451    215    515    498     73     88    462     74    113    692    262    603    899     76    956    841    552    543    438    128    347    148     92    436    327    217    367    521    729    768     77    833    305 
   707    333    565    324    726    631    427    788    479      0    524    603    666    390    555    624    156    806    122    365    439    339     41    242     79    802    310    471    737    727    322    703    700    146     57    487     20     19    196    986    370    593    449    928    157    950    803    834    938    746    151    163     68    750    131    136    128    444    672    774    944    858    204    691    152    635    307      3    317    689    848    125    910    203    564    866    210     54    255    372     36    104    921    380    649    139    846    963    192    393    349    429    451    804    992    326    325    357    618    364 
   471    280      3    896    901    234    129      9    857    524      0    947    315    633    171    216     77    736    478    989     81    435    776    624    936    144    527    705    206    952    474     41    895    527    304    158    151    262     31     35    479    934    424    704    444     10    396     59    487    745    166    301    272    420    629    160    970    444    184    962    620    430     17    278    251    409     58    334    624    694    377    384    949    110    102    688    870    648    225     46    485    662    292    427    560    215    939    664    649    739     58     64    744    251    367    235    536    106    754    167 
   153    376    480    243     25     89    371    730    261    603    947      0    365    516    256     31    319    296    553     90    523    931    229    514      4    472      4     18    125    377    311    437    639    855    750    749    356    324    620     85    715    302     75    492    316    888    265    365    477    552    443     24     28    180    134    191    759    451    687     94    840    841    502    509    490    363    267    506    205    102    297    450    804    316    385    895      3    243    319    167    809    232    949    523    258    539    707    979    516    789    962    423    718     92    418    304    532    572    960    191 
   760    828    345    502    550    932    558    535    339    666    315    365      0    453    697    519    343    873    483    113    778    201    670     39    947    585    325    764    543    498    255    419    895    203    966    514    145    739    268    838    694    148    808    859    583    513    492    107    785    326    878    924    740     99    361    641    219    409    666     89    963    176    233    167    685    421    100    988     43    854    336    141    391    883     34    785    382    209    804    929     79    619     42    442    301    410     55    938    614    383    725     84    751    795    369    341    211    760    153    815 
   283    204    982    206    400    701    491     11    312    390    633    516    453      0    374    709    640    129    391    228    226     69    209     62    496    279    257    816    701    631    903    709    148    173    215    218    989    254    904    166    495    139    337    482    448    664     43    362     75    481    692    115    659    556     53    559    814    876     20    485    602    416    358    541    862    735    493    234    133     59    511    348    546    974    660     10    599    991     44    567    466     24    134    697    238    601    104     53    103    208    243    351    505    233    227    420    521    612    652    527 
   224    257    711    167    866    480    174    889    948    555    171    256    697    374      0    125    197    583    923    726    514    167    545    962    490    123    323    188    630    559    737    610    519    747    971    259     21    917    919    806     30    164   1000    828    391    900    250    568    152     52    781    450    750    573    619     80     86    671     45    166    427     96    328    441    967    737    327    110    101    760    196    921    990    468    180    312    635    559    160    635    924    771    335    407    822    878    372    961    496    725    564    534    864    708    896    582    283    472    658    755 
   768     75    706    849    170    904    243    358    811    624    216     31    519    709    125      0    942     52    902    279    362    188    555    327    231    683     72    411     21    516    970    661    743    640    444    906    225    964    682    973    264     89    643    180    871    551    362    228     77    631    704    223    630    467    131    883    939    158    130    273    188    429    929    660    677    703    362    851    459    546    167    269    823    768    379    738     93    770     86    109     24    621    880    388    236    368    889    818    666    882    257    958    681    853    984    120    939    468    429     24 
   200    913    612    277    228    722     86     52    436    156     77    319    343    640    197    942      0    173    270    208     31    163    284    968    607    824     15    721    361    618    150     36     44    412    429    498     68    198     31    536    324    548    327     40    968    885     68      2    397    408     30    405    527     58    733     54    772      4    373    468    492    122    183    387     32    177    280     47    675     21    345   1000    589    513    482    529    128    133     25    599    850    887    468    163    848     49    218    717    789    255    850    883    668    843    416    372    379     64    471    146 
   130     16    470    579     43    152    861    144    730    806    736    296    873    129    583     52    173      0    783    111    121    117    264    925    149    469    454     62     37    966    281    843    151    191    188    210    679    986    570    263    375    826    880    345    658    316    301      8     30    713    359    980    388    581    324    535    354    399    350     35    917    175     53    578    459    278    569    105     62    772    877    952    246    687    499    235    447    874    585    844     74     22     29    906     11    247    932    158    218    276    876     13    206    187    270     72    522    797    665    555 
   311    251    670    952    842    122    124    480    164    122    478    553    483    391    923    902    270    783      0    597    766    381    478    956    265    444    547    881    478    650    809    195    931    242    594    138    195    544    124    335     24    365    273    836    737    498    926    120    369    701    425    351    545    217     65    201    335    567    913    619    170    934    205    355    268    276    174    922    666    527    444    220    262     81     75    914    341    768    592    949    306    282    284    119    459    538    894    488    360    991    114     49    767    616    849    436    830    785    100    356 
   957    919    147    635    466    829    914    953    785    365    989     90    113    228    726    279    208    111    597      0    123    544     23    205    749    114      1    387    951    130    696     76    891    114    744    257    917    683    660    353    221    221     82    395    973     60    236    242    109    528    974    160    471    889    619    924    487    104    779     35    190     96    990    765    268      5    398    959    934    288    567    148    492    138    346    443    993    651    207    775    733    362    272    168    836    429    610    552    450    622    292    816    121     89    291    205    659    590    158    869 
   294     51    582    239    169    263    864    516    507    439     81    523    778    226    514    362     31    121    766    123      0    579    620    887    253    269    174    139    706    637    958    558    129    133    976    620    944    678    217    607     15     29    790    293     78    858    381    932    501    595    884     88    471    976    241     19    309    959    415    460    260     49    570    153    873    322    432    794    336     61    771    180    882    751    831    134    175    742    600    476    408    128   1000    125    806    858    178    536    262     43    775    289     15    150    261    537    220    841    899    170 
    62    856    862      4     23    872    261    338     35    339    435    931    201     69    167    188    163    117    381    544    579      0    305    385    350    242     93    946    623    869    746    828    667    280     45      6    882     79    924    733    645    859    150    144    993    203    336    193    825     43     28    366    370    270    540    547    675    111    783    805    319    598    710    119    970    931    564    114    127    464    156    720    149     32    208    575    461    652    700    312    965    794    356     99    215    215     16    330    210    448     12    489      1    122    549    224    358    533    926    138 
   722    360    143     39    774     48    883    143    785     41    776    229    670    209    545    555    284    264    478     23    620    305      0    328    115    394    714    110    779    764    344    125    513    590    148    955    147    180    825    911    107    266    573    160    146     35    404     27    118    749    640    424    421     19    349    563    463    814    218    239    889    175    428    582    986    775    667    703    695    294    854    479    538    106    166    191    337    649    821    407    135    636    362    498    722    202    540    184    643    874     66    883    388    886    219    981    693    304    170    411 
   285    112    121    610    478     97    141    684    667    242    624    514     39     62    962    327    968    925    956    205    887    385    328      0    543     72    189    876    355    638     57    159    939    228    255    981    319    262    440    101     72    482    647    369    664    316    870    960    811    990    803    126    134    342     12    747    861    875    248    606    729    797     77    937    831    412    915    964    245    794    811    492    345    956    572    225    132    718    574    575    208     55    513     93    680    229    155    286    778    367    142    278    254    973    558    139    955    589    427    121 
   889    826    534    211     89    539     66    931    538     79    936      4    947    496    490    231    607    149    265    749    253    350    115    543      0    359    853    185    671    926    748    187    413    802    110    452     19    585     15    818    890    577    418    339    177    659    580    229    876    570    393    439    565    490     70    660    153    982    172    609    105    711    799    782    969    304    916    110    156     17      4    161     76    499    369    912    755    655    916      6    214    297    842    993     34    126    536    350     28    586    215    179    274    385    248     62    203    973    732    207 
   589    219    504    488     75    841    937    935    453    802    144    472    585    279    123    683    824    469    444    114    269    242    394     72    359      0    205     87    801    674    864    437    102    276    543    709    974    215    206    928    115    267    275    789    586     29     96    238    558    602    296    317    707    254    911    630    823    735    236    615    829    184     16     89    198    612    356    720    551    186    145      1    563    918    587    194     20    816    364    433    231    640    857    216    606    725    885    634    354    462    948    657    985    210    397    195    688    983    200    377 
   323    885    859    952    562    358    595    954     30    310    527      4    325    257    323     72     15    454    547      1    174     93    714    189    853    205      0     90    601    150     33    823    659    904    289      5    632    832    541    100    107    555    472    846    536    571    108    155     42     63     57    984    965    250    475    997    510    819    328    124    728    444    139    260    530    455    537    184    533    433    527    591    873    282    820    977    994    965    158    787    184     39    170    566    629    201    970    277     89    421    286    215     82    626     29    907    629    653    188     13 
   939    890     55    186     39    116    215    407    179    471    705     18    764    816    188    411    721     62    881    387    139    946    110    876    185     87     90      0    272    926    784    861    692    564    674    467    266    720    931    818     95    523    588    564    801    866    871    240    779    680    474     18     39    847    118    973    108    656    173    255    293    174     24    903    820    497    240    431    321    312      2    927    424    904    692    733     48     73    244    607    861    563    800    385     52    911    420    226      1     84     45    933      8    417    219    715    119    365    955    182 
   815    662     69    210    642    747    106    284    824    737    206    125    543    701    630     21    361     37    478    951    706    623    779    355    671    801    601    272      0    715    323    821    527     41    311    818    749    352    477     26    209    227    670    512    534    439    451    819    273    847    573    759    822    802    168    550    857     62    640    325    678    525    711    987    586    425    337    372    209    944    279    860    333    821    620    818    162    207    200    351      1    789    949     60    895    643    149    736    171     65     87     89    521    243    985    972    359    111    314    715 
   856    428    391    932    167     55    225    701    404    727    952    377    498    631    559    516    618    966    650    130    637    869    764    638    926    674    150    926    715      0    910    915    616    155    100    473     49    436    332     58    717    649    754     28    501    758    941    576     78    261     60    264    659    670    788     57     31    123    659    239     41    999    461    604    893    577    917    513    504    875     28    218    494    774    262     92    535     68    224    787    605    867    208     15    773    108    372    123    115    936    583    729    779    888    225    596    175    559    472    602 
   343    728    138    144    659    208    544     66    718    322    474    311    255    903    737    970    150    281    809    696    958    746    344     57    748    864     33    784    323    910      0    548    878    435    495    295    658    263    845    821    825    926    599    206    784    756      8    140    125    193     13     54    229    235    108    807      2    209     60    626    238     14    735    209    700    101    948    263    110    504    201    317    269    603    137    184    224    785    815    104    510    986    268     41     76    553    682    315    306    789    692    962    624    522    233    980    831    779    603    368 
   499    619    979    415    916    666    973     97    955    703     41    437    419    709    610    661     36    843    195     76    558    828    125    159    187    437    823    861    821    915    548      0    809    565    855    275    703    281    663    495    274    276    512    305    732    963    845    651     40    209     85    787    445     92    599    552    325     87    477     92    828    861    902    233    587     35    662    134    222     79    134    368    892    325    504    847    602    977    673    728    944    984    562    895    577    336    862    593    651    808    175    521    928    388    980    309    149     61    977    797 
   633    956    933    482    124     87    170    849    287    700    895    639    895    148    519    743     44    151    931    891    129    667    513    939    413    102    659    692    527    616    878    809      0    323    870    199    244    358    310    804    296    893    530     94    327    652    392    412     49    201    937    976    660    234     66    368    703    158    873    942    150    350     74    488    186    849    614    752    557    931    893    204    683    885    596    697    501    456    506    709    127    947    682    405    877    855    249    599    263    608    199     32    133    642    513    491    131    150    197    274 
    13    865    640    951    228    496     36     56    171    146    527    855    203    173    747    640    412    191    242    114    133    280    590    228    802    276    904    564     41    155    435    565    323      0    397    469    742    103    781    374    518    489    230    522    681    139    745     61    829     30     23    170    137    846    120     55    893     17    739    627    928     57     34    263    978    324    956    425     84    678    103    942      8    168     48    165    834    717    260    748    284    425    705    260    959     37    105     58    957    527    382     58    323    868    933    840    130    320    254    679 
   938    841    800    578    781     80    129    457    128     57    304    750    966    215    971    444    429    188    594    744    976     45    148    255    110    543    289    674    311    100    495    855    870    397      0    262    713    624    854    806    848    866     23    887    235    217    450    595    687    631    253    231    262    340    417    762    991    471    562    817    106    157    664    855    653    688    710    240     48     64    441    466    167    696    157    600    371    180    950    235    498    333    253    303    385    137    717    601    425     70    639    256    113    223    134    170    406    758    699    201 
   618    481    844    257     54    665      4    464    754    487    158    749    514    218    259    906    498    210    138    257    620      6    955    981    452    709      5    467    818    473    295    275    199    469    262      0    576    325    545     18    625    380     59    183    303    619    435    597     63    279    965    811    606    549     57    962    368    347    662     47     10    390    333    291    352    512    594    508     76     55    521    858    968    134    539    517    818    581    159    993      5    207    964    394    176    814    493    429    495    294    155    157    696    382    687    908    961    209    600     80 
   455    450     51    942    305    153    463    790    859     20    151    356    145    989     21    225     68    679    195    917    944    882    147    319     19    974    632    266    749     49    658    703    244    742    713    576      0    273    194    404    308    636      3    557    379     34    741    166    385    914    235    425    254    954    466    149    334    733    284    792    838    231    936     24    249    392    826    967    122    609     37    850    160    483    687    948    940    845    350    901    651    244    305    225    151    856    949    105    102    420    791    569    346    899    705    240    571    778    273     93 
   722    148    412    126    241    706    710    478     72     19    262    324    739    254    917    964    198    986    544    683    678     79    180    262    585    215    832    720    352    436    263    281    358    103    624    325    273      0    675    747    453    195     24    334    435    697    373    754    289    154    596    249     17    116    853    573    448    506    357    589    114    183    774    144    355    742    498    662    561     82    786    961    774    565    261    708    320    385    137    320    458    951    666    598     72    168    133    406    441    183    643    967    934    929    945    638    297    172    577    286 
   104    422    383    879    838     77    725    672     55    196     31    620    268    904    919    682     31    570    124    660    217    924    825    440     15    206    541    931    477    332    845    663    310    781    854    545    194    675      0    805    527    508    302    242     45    599    537    628    298    974    431    775    105    230     99    167    880    155    261     42    303    150    524    477    254    520    488    402    240    999    135    391    555      9    980    395    336    688    279    360     42    186     30     68    111    855     87    486    901    813    549    659    721    989     96    906    199    719    749    730 
   229    199    977    479    277    506    557    577      6    986     35     85    838    166    806    973    536    263    335    353    607    733    911    101    818    928    100    818     26     58    821    495    804    374    806     18    404    747    805      0    779    877    110    192    335    908    156    232    272    102    975    729    649     79    393    906    529    476    307    484    477    730    286    608    353    917    763    929    235    214    638    360    800    522    252    800    467    939    149    219     24     56    469    494    196     77    123    599    157    950    647    995      3    197    543    501     75    163    576     81 
   707    519    843    340    152    480    967    885    357    370    479    715    694    495     30    264    324    375     24    221     15    645    107     72    890    115    107     95    209    717    825    274    296    518    848    625    308    453    527    779      0    150    792    872    832    162    613    848     15    867    843    337    562    725    965    465    521     16    777    605    196    855     56    795    679     25    679    723    138    829    775    447    108    992    246     54    706    621     28    432    909    156    642    147    653    573    890    914    773    762    166    106    212    890    770    299    851    411    757    282 
   889    931    157    131    571    210     32    552    109    593    934    302    148    139    164     89    548    826    365    221     29    859    266    482    577    267    555    523    227    649    926    276    893    489    866    380    636    195    508    877    150      0     59    515    548    813    473     21    205    841    175    616     13    123    212    555    643     64    179    447    536    183    873    685    962    673    349    871    437    680    101    730    741    285    268    544    927    525    571     32    751    667      3    818    288    840    201    153    989    180    461    568    805    610    437    740    443    405    879    641 
   364    574    202    265    157    408     97     10    806    449    424     75    808    337   1000    643    327    880    273     82    790    150    573    647    418    275    472    588    670    754    599    512    530    230     23     59      3     24    302    110    792     59      0     47    426    226    150    776    574    786    119    998    128    902    861     81    298    141    966    942     88    811    471    276    918    668    117    247    223    293    477    447     10    433      3     65    165    741    712    293    601    269    674    493    137    511    498    397    384      4     34    263    449    799    625    767    925    326    509     52 
    64    129    780    213    640    460    530    500    378    928    704    492    859    482    828    180     40    345    836    395    293    144    160    369    339    789    846    564    512     28    206    305     94    522    887    183    557    334    242    192    872    515     47      0    469    537    321    540    250    210    103    599     49     96    883    727    592    219    158    620    206    104     80    185     76    471    783    905     90     28    604    624    288    531    224    890     39    926    848    127    220    323     42    405    366    118    729    351    384    497     30    953    233    207    619    767    134    993    382    722 
   736    281    963    887    149    359    845    337     77    157    444    316    583    448    391    871    968    658    737    973     78    993    146    664    177    586    536    801    534    501    784    732    327    681    235    303    379    435     45    335    832    548    426    469      0    147    461    548    125    868    291    702    797    488     37    784    894     67    177    160    159    379    184    187    168    591    534    263    989    536    176      1    917     94    100    894    489      4    166    748    104    308    353    170    453    171    279    173    813    270    364    137    181    485    774    624     17    711    225     64 
   233    204    176     94    873    888    112    274     88    950     10    888    513    664    900    551    885    316    498     60    858    203     35    316    659     29    571    866    439    758    756    963    652    139    217    619     34    697    599    908    162    813    226    537    147      0    147    676    298    539    803    378    171     63    627    460     33     90    127    131    484    369     14    580    987    765    137    362    941     59    267    885    469    725     19     20    100    152    766     79    132    866     42    909    771    869    477    454    889    890    320    643    358    997      5    626    497    630    678    487 
   451    603    977    295    417    973    818    235    877    803    396    265    492     43    250    362     68    301    926    236    381    336    404    870    580     96    108    871    451    941      8    845    392    745    450    435    741    373    537    156    613    473    150    321    461    147      0    707     77    581    362    507    879    305    848    534     36    556    969    339    764     89    493    930     81     24    447    552    781    645    477    947     95    870    741     75    542    259    562    198    854    933    502    120    796    840    133     91    457    698    880    515    168    960    438    141    534    456    593    500 
   507    965    200    790    194    962    775    847    838    834     59    365    107    362    568    228      2      8    120    242    932    193     27    960    229    238    155    240    819    576    140    651    412     61    595    597    166    754    628    232    848     21    776    540    548    676    707      0    825    517    599    132    109    701    220     89    871    258    839    142    289    606    475     27    337    318    870    247    672     21    422    525    884    122    938    915    466    322    909    586    235    466     28     87    826     63    328    181    308    615    898    558     69    975    251    667     65    826    104     47 
   691    329     86    851    764    756    633    839    121    938    487    477    785     75    152     77    397     30    369    109    501    825    118    811    876    558     42    779    273     78    125     40     49    829    687     63    385    289    298    272     15    205    574    250    125    298     77    825      0    171    998    344    615    871    158    239    229    183    930    212    215    542     26    116    175    269    166    854    923    800   1000    375    376    840    890    387    686     34    348    491    446    233     23     90    133    959    655    367    243    501    121    459    171    705     16    546    222    421     35    171 
   965    428    874    706    399    437    269    520    552    746    745    552    326    481     52    631    408    713    701    528    595     43    749    990    570    602     63    680    847    261    193    209    201     30    631    279    914    154    974    102    867    841    786    210    868    539    581    517    171      0    715    338    196    516    544     35    848    515      5    831    536    463    419    649    689    518    530    299     38    231    415    196    489     20    338    834    814     53     73    605    277    898    783     64    440    341    198    325    988    853    196    812    495     63    126    446    680      9     81    301 
   182    764    810    358     14    237    163    233    657    151    166    443    878    692    781    704     30    359    425    974    884     28    640    803    393    296     57    474    573     60     13     85    937     23    253    965    235    596    431    975    843    175    119    103    291    803    362    599    998    715      0    184    241    113    108    551     68    429    636    806    153    481    104     38    349      5    271     80    203    490    721    371    867    663    757    167    384     22    162    431     84    442    140    362    969    721    590    190     85    533    690    211    799    773    436    660    530    814    124    474 
   915    391    760    613     91    352    655    735    390    163    301     24    924    115    450    223    405    980    351    160     88    366    424    126    439    317    984     18    759    264     54    787    976    170    231    811    425    249    775    729    337    616    998    599    702    378    507    132    344    338    184      0     63    761    364    257    438    907    876    499    576    473    570    194    957    647    971    293    212     87    676    936    626    843      3    260    890    908    182    408    414    739    661    536    382    644    735    275    415    535    421   1000    397    309    788    248    810      2    717    534 
   814     24     53    349    992    119    322    182    114     68    272     28    740    659    750    630    527    388    545    471    471    370    421    134    565    707    965     39    822    659    229    445    660    137    262    606    254     17    105    649    562     13    128     49    797    171    879    109    615    196    241     63      0    373    802    467     68    837    101    180    462    211    138    886    745    118    246    796    189    231    408    554    251    341    255    624    738    383    930    334    685    244     24    281    648    464    641    575    960    382    258    975    889    601    906    877    949    724    519    146 
   662    603    171    355    138    747    162    265    829    750    420    180     99    556    573    467     58    581    217    889    976    270     19    342    490    254    250    847    802    670    235     92    234    846    340    549    954    116    230     79    725    123    902     96    488     63    305    701    871    516    113    761    373      0    639      9    616    325    656    731    152    484    510    675     94    797     76    380    947    440     37    275    678    123    181     68    261     16    619    954    392    721    326    287    227     94    205    450     16    236    883    958    865    259    227    196    407    274    633    926 
   920     63    908    325      6    501    496    176    615    131    629    134    361     53    619    131    733    324     65    619    241    540    349     12     70    911    475    118    168    788    108    599     66    120    417     57    466    853     99    393    965    212    861    883     37    627    848    220    158    544    108    364    802    639      0    214    291    109    927    615    194    671    223    711    805    843     49    519    773    275    553     34      3    659     62    376    820    969    921    684    248    254    474    830    822    215    837     96    635    829    318    729    658    118    486     38    993    204    887    396 
