
     0     33     31     42     55     64     25     81     19     48      1      6      1      1     19     59     78     28     78     21     74     71     75      4     55      3     53     23     31     20     10     51     61     17     97     45     61     55     10     55 


 1000000    223    929    972    389    922    664    555    921    470    753    388    973    491    165     81    349     10    352    311    581    332     39    547    958    729    970    521     19    970    362    840    745    887    253     23    827     68    475    236 


     0    813    895    560    310     94    850    412    401     76    902    143    233    786    129    245     56    579    179    344    948    822    242    268    201    414    912    152    212   1000    739     28    429    887    433    227    132    548    958    748 
   813      0    329    454    690     97    881    357    893    354     23    527     67    274    665    607    306    866    163    293     64    439    364    534    244    353    230    343    548    159    759    265    418    764    239    857    532    213    274     18 
   895    329      0    432    527    411     57     75    643    640    584    367    476    142    210    494    169    111    247    103    169    500    794    639    446    121    183    785    626    733    704    202    808     43    206     74    853    580    124    423 
   560    454    432      0    557    215    490    706    739    440    840    436    974    860    459    732    677    385    646    581    211    699    669    900    557    427    755    565    167    199    404    709    200     80     29     86    816      6     43    443 
   310    690    527    557      0    180    991    921    494    517    948    645    662    688    942    260    340    376     72    408    330    831    959    454    514    268    300    522    231     45     29     26    851    634    838    450    426    826    749    707 
    94     97    411    215    180      0    190    815    986    149    430     66    245    512    632    280    203    512     35     57    598    585    758    229    839    897    543    641    180    886    258    198    807    453    342    864    961    408    525    470 
   850    881     57    490    991    190      0    687    194    409    731      2    339    267    953    877    245    428    896    462    337    203    968     26    908    935    850    303    612    216    660    113    559    159    706    230    299    311     54    697 
   412    357     75    706    921    815    687      0    148    426    210     47    366    252    121    260    189    479     64     24    242    677    265    835    639    154    588    633    996    277    591    610    981    852    650    733    892    114    386    933 
   401    893    643    739    494    986    194    148      0    532    420     85    569    278    515    199     66    357    998    438     54     69    929    869    958     49    503    824    145    621    745    979    981    527    233     46    554    934    869    146 
    76    354    640    440    517    149    409    426    532      0    414    465    615    991    774    998     78     20    943    907    247    120     62     95     77    222    742    415    848    139    555    750    464     55    730    157    121    301     73    682 
   902     23    584    840    948    430    731    210    420    414      0    152    539    818    214    240    895    335    961    264    218    534    322    323    543    190    558    714     14    914    718     60    163    489    434    305    746    467    426    170 
   143    527    367    436    645     66      2     47     85    465    152      0    150    859    184     19    908    645    920    809    820    939    559    385     11    966    508    162    748    707    762    801    519    752    814    847    309    869    792    229 
   233     67    476    974    662    245    339    366    569    615    539    150      0    392    734    318    213    940    941    999    613    841    224    154    393    395    464    804    331    586     87    525    876    830    960    523    220    534    633    154 
   786    274    142    860    688    512    267    252    278    991    818    859    392      0    646    870    801    345    398     28    790    690    747    514     92    645    832    792    259    526    904    304    248    114     87    378    400     27    242    216 
   129    665    210    459    942    632    953    121    515    774    214    184    734    646      0    592    335     52    827    869    341    455    197    412    236    618    936    382    272   1000    604    102    705    663     12    838    352    702      9    650 
   245    607    494    732    260    280    877    260    199    998    240     19    318    870    592      0    693      3    960     65    821    215    385    987    317     23     27    488    129    109    416     15    734    891    534    252    944    484    442    117 
    56    306    169    677    340    203    245    189     66     78    895    908    213    801    335    693      0    443    294    893     40    823    711    132    214    536    905    877    513    308    863    874    990    265    226    287      8    142    894    264 
   579    866    111    385    376    512    428    479    357     20    335    645    940    345     52      3    443      0    387    727    314    213    796    185    270    142    684    467    554    241    709      1    966    521    503    872    542     87    553    318 
   179    163    247    646     72     35    896     64    998    943    961    920    941    398    827    960    294    387      0    261    825    638    212    229    899    215    604    211     82    874    340     11    779    516    345    712    598    156    343    197 
   344    293    103    581    408     57    462     24    438    907    264    809    999     28    869     65    893    727    261      0    110    132    823    679    908    544    168     30     72    100    555     42    437    258    533    524    125      1    444    469 
   948     64    169    211    330    598    337    242     54    247    218    820    613    790    341    821     40    314    825    110      0    439    906    655    643    559    736    757    448     36    731    148    898    247    804    376    176     80    549    675 
   822    439    500    699    831    585    203    677     69    120    534    939    841    690    455    215    823    213    638    132    439      0    683    900    167    872    848    960     90    562    692    919    635    907    632     63     35    543    900    746 
   242    364    794    669    959    758    968    265    929     62    322    559    224    747    197    385    711    796    212    823    906    683      0    885    519    398    565    796    748    252    815    767    622     67    599     26    883    461    163    150 
   268    534    639    900    454    229     26    835    869     95    323    385    154    514    412    987    132    185    229    679    655    900    885      0    165    157    256    667    144    789    928    490    391    677    184    171    665     11    500     47 
   201    244    446    557    514    839    908    639    958     77    543     11    393     92    236    317    214    270    899    908    643    167    519    165      0    434     44    242    202    245    223    944    170    118    965    916    395     70    520    145 
   414    353    121    427    268    897    935    154     49    222    190    966    395    645    618     23    536    142    215    544    559    872    398    157    434      0    715    867    898    684    433    638    518    769    761    445    858    639    241    361 
   912    230    183    755    300    543    850    588    503    742    558    508    464    832    936     27    905    684    604    168    736    848    565    256     44    715      0    509    227    577    900    872    285    261    700    250    460     91    402     46 
   152    343    785    565    522    641    303    633    824    415    714    162    804    792    382    488    877    467    211     30    757    960    796    667    242    867    509      0    257     91    748    387    545    737    620    669     45    574    635    501 
   212    548    626    167    231    180    612    996    145    848     14    748    331    259    272    129    513    554     82     72    448     90    748    144    202    898    227    257      0    198    751    212    548    321    466    593    742    922    488    190 
  1000    159    733    199     45    886    216    277    621    139    914    707    586    526   1000    109    308    241    874    100     36    562    252    789    245    684    577     91    198      0    207    690    307    514    142    603     50     55     46    178 
   739    759    704    404     29    258    660    591    745    555    718    762     87    904    604    416    863    709    340    555    731    692    815    928    223    433    900    748    751    207      0    738    665    508     34     89    604    243    808    568 
    28    265    202    709     26    198    113    610    979    750     60    801    525    304    102     15    874      1     11     42    148    919    767    490    944    638    872    387    212    690    738      0    518      7    494    414    543    291      5    702 
   429    418    808    200    851    807    559    981    981    464    163    519    876    248    705    734    990    966    779    437    898    635    622    391    170    518    285    545    548    307    665    518      0    450    257    377    617    281    379     61 
   887    764     43     80    634    453    159    852    527     55    489    752    830    114    663    891    265    521    516    258    247    907     67    677    118    769    261    737    321    514    508      7    450      0    136    325    179    585    610    533 
   433    239    206     29    838    342    706    650    233    730    434    814    960     87     12    534    226    503    345    533    804    632    599    184    965    761    700    620    466    142     34    494    257    136      0    429    846    252    912    530 
   227    857     74     86    450    864    230    733     46    157    305    847    523    378    838    252    287    872    712    524    376     63     26    171    916    445    250    669    593    603     89    414    377    325    429      0    419    574     40    232 
   132    532    853    816    426    961    299    892    554    121    746    309    220    400    352    944      8    542    598    125    176     35    883    665    395    858    460     45    742     50    604    543    617    179    846    419      0    157    251    904 
   548    213    580      6    826    408    311    114    934    301    467    869    534     27    702    484    142     87    156      1     80    543    461     11     70    639     91    574    922     55    243    291    281    585    252    574    157      0    501    799 
   958    274    124     43    749    525     54    386    869     73    426    792    633    242      9    442    894    553    343    444    549    900    163    500    520    241    402    635    488     46    808      5    379    610    912     40    251    501      0    256 
   748     18    423    443    707    470    697    933    146    682    170    229    154    216    650    117    264    318    197    469    675    746    150     47    145    361     46    501    190    178    568    702     61    533    530    232    904    799    256      0 
