
     0     63     30     20      8      9     86     37     81     29     40     22     13     91      1      6     51     95     35     21     93     33     22     69     80     26     40     75     40     33     62     39     34     31     79     91     49     88     75     84 


 1000000    958    244    151    757    493    172    559    554     95    592    950    540     21    667    365    531    803    150    365    479    726    596    319    943    390    309    862    577    252    951     17    628    773    576    916    124     56    137    504 


     0   1868   5970   3648   4587    372   7443   7568   1953   8531   2848   8655   1368    738   5129   9917   9752   1145   9375   2837   4037   2490   7253    364   7351   4989   3127   5833   7845   2206   5946   6950   1800   7366   8229   5062   2846   3640   6847    103 
  1868      0   7260   5085   3546   6521   3960   5329   4991    399   5751   8814   2426   3077   8131   5081   1800   3363   2400    460   9088   1761   8112   8549   9167   7739   5012   7405   6551    247   2277   9130   8473   2324   6882   2536   2912   8501   1068   4741 
  5970   7260      0   3489   5197   7951   3292   3009     61   1602   8676   4823   5980   1346   4346   1186   6343   7402   3500    380   2185   1030   3767   6240   9500   5033   6707   4169   7967   7165   4973   7293   4298    330   3429   9416   1441   3017   2777   3084 
  3648   5085   3489      0   1941   5546   1362   2167   6080   1283    765    502   9682   5915   1660    458   7927    886   9374   8681    524   2226   5451   9944   1794   8723   4853   6342   5489   8971   7835   1259     48    189   1071   5153    436   4482   3211   5538 
  4587   3546   5197   1941      0   2551   6348   2207   2499   4826   6202   3005   9969   9166   8188   6136    266   5663   3480   3659   4269   6819    909   1926    261   1057   2103   5310   4434    196   6370   7573   5034   8514   9748   6279   4639   8072   3877   1222 
   372   6521   7951   5546   2551      0   7650   6697   3168    568   9175   8358   9743   5407    697   4671   4611   1609   9776   9850   7346   1546   2561   1859   2726    726   8518    389   1042   1747   9086   5480    566    766   7799    812   2709   8732   9737   7620 
  7443   3960   3292   1362   6348   7650      0   9605   2755   9734   3446   3865   7530   5760   1938   1019    495   6026   1488   9324   1895     66   1695   7887   9867     14   9083   1347   3120   6981   8046   4049   4392   5809   1034    422    183   5858   4566   3425 
  7568   5329   3009   2167   2207   6697   9605      0   8264   5765   4471   4832   9521   1782   9264   3223   3491   2274   5053    705   9527    145   3468    827   7733   7890   1293   1470   5126   1704    331   6892   8557   3621   3419   6094   4929   3653   4676   2124 
  1953   4991     61   6080   2499   3168   2755   8264      0   3934   8316   4192   1197    156   5635    322   2400   8527   1936   3192   8554   8289   7941    258   4370   4076   2507   5827   4331   5724   4014   6632   3681   6645   8651   7510   7542   9617   4072   4201 
  8531    399   1602   1283   4826    568   9734   5765   3934      0   3853   1356   9828   9162   3015   6579   7504   1728   1006   1674   5357   6810   8671   7628    214   2555   9228   2329   3920   6982   1586   1242   6288   4812   8582   5720   4172   8340   4086   3726 
  2848   5751   8676    765   6202   9175   3446   4471   8316   3853      0   1381   2331   1886   8572   5204   6956    776   4302   8116   1969    457    987   8112   2298   1128   9826   1501   2716   2929   2370   1881   2846    858   2536   3140   3984   9188   7598   4223 
  8655   8814   4823    502   3005   8358   3865   4832   4192   1356   1381      0   1965   1014   2338    388   7362   3541   2837   6277    639   4774   3365   7048   1405   8984   9276   8865   2609   1965   9994   6881   7744   6424   8832    303   2530   6812   9903   5268 
  1368   2426   5980   9682   9969   9743   7530   9521   1197   9828   2331   1965      0   6828   9907   5008   1468   5464   7885   3364   9211    535   7867   7855   9037   5370   8507   4944   6114   3342   2709   7492   7048   4486   8725   1612   1978   4813    251   7260 
   738   3077   1346   5915   9166   5407   5760   1782    156   9162   1886   1014   6828      0     24    635   7312   9861   3912   6199   3035   5428   1036   6942   7460    316   6516   4962   2423   9314   1942   9031   9741   7512   5980   5721   7334   1339    718   7394 
  5129   8131   4346   1660   8188    697   1938   9264   5635   3015   8572   2338   9907     24      0   7689   5456   1265   8507   2832   7948   8815   3856   4494   2835   9158   5129   5988   2788   6678   5526   9539   6770   1510   8394   8195   6582   4840    523   2213 
  9917   5081   1186    458   6136   4671   1019   3223    322   6579   5204    388   5008    635   7689      0   5139   7854   8361   1988   5737   7626    124   3873    670   6989   2515   4944   4874   4137   8842   9230   2082   3336   8523   1301    230   7378   1369   9890 
  9752   1800   6343   7927    266   4611    495   3491   2400   7504   6956   7362   1468   7312   5456   5139      0   9134   5018   5992   1285   1011     41   2544   8394    266   3486   1252   2615   9286   2453   1422   3797   3694   1942    701   2483   3996   7616   8801 
  1145   3363   7402    886   5663   1609   6026   2274   8527   1728    776   3541   5464   9861   1265   7854   9134      0   8360    920   7622   5925   3863   4580   9049   5646    249   2185   7335    324    150    401   1251   6046   5030   7094    710   6258    278   2570 
  9375   2400   3500   9374   3480   9776   1488   5053   1936   1006   4302   2837   7885   3912   8507   8361   5018   8360      0   2342   4893   5485   2104   7764   7104   6464   7724    571   7964   2995   8270   3734   4286   3682   7413   8994    558   2160    761   7605 
  2837    460    380   8681   3659   9850   9324    705   3192   1674   8116   6277   3364   6199   2832   1988   5992    920   2342      0   1364   2830   7304   1870   8540   7599   6493   7901   5420   9467   2622    293   6867    160   8005   1104   2100   3025   7681   1250 
  4037   9088   2185    524   4269   7346   1895   9527   8554   5357   1969    639   9211   3035   7948   5737   1285   7622   4893   1364      0   1587    216   5885   6706   7967   8654   3984   6981   2096    366   5303   8284    963   3557   9648   7760    259    318   6633 
  2490   1761   1030   2226   6819   1546     66    145   8289   6810    457   4774    535   5428   8815   7626   1011   5925   5485   2830   1587      0   1212   2650   5948   8456   4538   1928   6088   4635   1921   9011   3420   4706   4830    415   1375   5580   9345   3200 
  7253   8112   3767   5451    909   2561   1695   3468   7941   8671    987   3365   7867   1036   3856    124     41   3863   2104   7304    216   1212      0   9027   4303   9707   6205   2812   3548   2373   5607   3379   8418   3411    763    603   5744   5642   4803   4450 
   364   8549   6240   9944   1926   1859   7887    827    258   7628   8112   7048   7855   6942   4494   3873   2544   4580   7764   1870   5885   2650   9027      0   2769    238   1219   7499   8067   6256   5795   1258   8857    646   1752   3792    306   3308   1928   4632 
  7351   9167   9500   1794    261   2726   9867   7733   4370    214   2298   1405   9037   7460   2835    670   8394   9049   7104   8540   6706   5948   4303   2769      0   6521   8027   6461   2786   1598    647   1961   8463   9972   3006   2331   1214    428   3967   5072 
  4989   7739   5033   8723   1057    726     14   7890   4076   2555   1128   8984   5370    316   9158   6989    266   5646   6464   7599   7967   8456   9707    238   6521      0    981    242   2248   6909    130   1670    691   5052   5267   1101    498   3925   6291   7545 
  3127   5012   6707   4853   2103   8518   9083   1293   2507   9228   9826   9276   8507   6516   5129   2515   3486    249   7724   6493   8654   4538   6205   1219   8027    981      0   5258   6895   1495   9078   2493    855   8472   3926   5499   4096     99    959   3194 
  5833   7405   4169   6342   5310    389   1347   1470   5827   2329   1501   8865   4944   4962   5988   4944   1252   2185    571   7901   3984   1928   2812   7499   6461    242   5258      0   1035   7038    116   2275   2360   7740   2001   1280   9422   2916   9946   2356 
  7845   6551   7967   5489   4434   1042   3120   5126   4331   3920   2716   2609   6114   2423   2788   4874   2615   7335   7964   5420   6981   6088   3548   8067   2786   2248   6895   1035      0   4023   2062   2694   7579   3519   3663   5912    707   9326   2454   8558 
  2206    247   7165   8971    196   1747   6981   1704   5724   6982   2929   1965   3342   9314   6678   4137   9286    324   2995   9467   2096   4635   2373   6256   1598   6909   1495   7038   4023      0    585   2244   5094   6765   4327   5188   7461   6172   2014   2276 
  5946   2277   4973   7835   6370   9086   8046    331   4014   1586   2370   9994   2709   1942   5526   8842   2453    150   8270   2622    366   1921   5607   5795    647    130   9078    116   2062    585      0   2772   7072   2735   9140    977   1160   6047   7437   4603 
  6950   9130   7293   1259   7573   5480   4049   6892   6632   1242   1881   6881   7492   9031   9539   9230   1422    401   3734    293   5303   9011   3379   1258   1961   1670   2493   2275   2694   2244   2772      0   1929   1691    123   7845   3036   7544   8142   7741 
  1800   8473   4298     48   5034    566   4392   8557   3681   6288   2846   7744   7048   9741   6770   2082   3797   1251   4286   6867   8284   3420   8418   8857   8463    691    855   2360   7579   5094   7072   1929      0   4087   2943   2317   2702   9065   1176   6203 
  7366   2324    330    189   8514    766   5809   3621   6645   4812    858   6424   4486   7512   1510   3336   3694   6046   3682    160    963   4706   3411    646   9972   5052   8472   7740   3519   6765   2735   1691   4087      0   9379    250   7846   1359   9309   7921 
  8229   6882   3429   1071   9748   7799   1034   3419   8651   8582   2536   8832   8725   5980   8394   8523   1942   5030   7413   8005   3557   4830    763   1752   3006   5267   3926   2001   3663   4327   9140    123   2943   9379      0   7202   8638   1849   3624   9754 
  5062   2536   9416   5153   6279    812    422   6094   7510   5720   3140    303   1612   5721   8195   1301    701   7094   8994   1104   9648    415    603   3792   2331   1101   5499   1280   5912   5188    977   7845   2317    250   7202      0   9132    362   1741   2188 
  2846   2912   1441    436   4639   2709    183   4929   7542   4172   3984   2530   1978   7334   6582    230   2483    710    558   2100   7760   1375   5744    306   1214    498   4096   9422    707   7461   1160   3036   2702   7846   8638   9132      0   8962   7133    554 
  3640   8501   3017   4482   8072   8732   5858   3653   9617   8340   9188   6812   4813   1339   4840   7378   3996   6258   2160   3025    259   5580   5642   3308    428   3925     99   2916   9326   6172   6047   7544   9065   1359   1849    362   8962      0   2447   5409 
  6847   1068   2777   3211   3877   9737   4566   4676   4072   4086   7598   9903    251    718    523   1369   7616    278    761   7681    318   9345   4803   1928   3967   6291    959   9946   2454   2014   7437   8142   1176   9309   3624   1741   7133   2447      0   9470 
   103   4741   3084   5538   1222   7620   3425   2124   4201   3726   4223   5268   7260   7394   2213   9890   8801   2570   7605   1250   6633   3200   4450   4632   5072   7545   3194   2356   8558   2276   4603   7741   6203   7921   9754   2188    554   5409   9470      0 
