
     0     54     66     82      2     44     79     56     90     74      1     71     36     13     50     39     66     61     17      4 


 1000000   2675   9341     24   1442   1721   6314   5928   9246   2315   8068    827   7272   7458   7532   8494   6599    960   1416   1857 


     0    710    887    656    167    547    453    836    583    489    189    454    860     31    267     86    496    179     61    819 
   710      0    506     54    869    100     53     14    619    586    174    779    661    169    984    848    918    499    204     96 
   887    506      0    949    235    252    128    305    414    903    442    121    120    395    734    153    467    197     29    767 
   656     54    949      0    687    686    937    531    920    984    656    293    108     18    507    425     41    145    541    968 
   167    869    235    687      0    284    501    152    227     49    895    169     82    660    104    335    113    198    783    112 
   547    100    252    686    284      0     83    293    964    704     13    325    687    140    732    826    847    111     80     27 
   453     53    128    937    501     83      0    193    800    501    929    720     33    720    863    575     24    206    918    588 
   836     14    305    531    152    293    193      0    684     89    627    442    296    124    193    439    428    773    260    362 
   583    619    414    920    227    964    800    684      0    696    436    395    790    812    228    665    506     51    616    492 
   489    586    903    984     49    704    501     89    696      0    899    697    158    270    918    847    524     99    241    663 
   189    174    442    656    895     13    929    627    436    899      0    836    832    420    328    611    759    811    677     19 
   454    779    121    293    169    325    720    442    395    697    836      0    649    879    879    725    539     36     47    203 
   860    661    120    108     82    687     33    296    790    158    832    649      0    182    310     55    688    679    898    906 
    31    169    395     18    660    140    720    124    812    270    420    879    182      0    692    874    132     18    201    341 
   267    984    734    507    104    732    863    193    228    918    328    879    310    692      0     52    538    608     81    369 
    86    848    153    425    335    826    575    439    665    847    611    725     55    874     52      0    599    407    195    380 
   496    918    467     41    113    847     24    428    506    524    759    539    688    132    538    599      0    131    123    881 
   179    499    197    145    198    111    206    773     51     99    811     36    679     18    608    407    131      0     63    997 
    61    204     29    541    783     80    918    260    616    241    677     47    898    201     81    195    123     63      0    167 
   819     96    767    968    112     27    588    362    492    663     19    203    906    341    369    380    881    997    167      0 
