
     0     29    100     89     94     48     49     31     84     20     55     64      8     92     51     83     49     49     50     29      3      2     73     74     66     95     22      4     56     53     12     94     37     14     15     22     99     66     46     66     53     69     26     14     85     67     81     25      6     86     68     41     15     82     79     38     91     24     12     73     10     18     80      8     18     78     66     64      8     90     49     41     64     43     51     12     23     69     50      8 


 1000000    807    751    507    112    307    148    865    794    217    238    433    336    970    388    755    522    945    567    695    121    511    450    390    405    308    591    368    313    941    602    162    751     74    932    424    424    754     73    955    920    678    100    690    153    469    931    841    250    594    849    958    151    729    262    330    488    867    113    709    294     39    306      4    697    194    794    929    544    689    568    915    514    441    973     96    831    763    665    314 


     0    210   3232   7562   8455   2833   3210    969   9965   9174    511   5955   8952   3335   6065   6990   2442   2564   4220    841   4950   8150   2208   3978   7530   8154   1152   1160   3627   1102   7019   2074   8339    874    442   1679   3896   2098   5065   1135   9501   6267   3338    498     30   8795   4135     64   1271   1430   4263     25   2837   2806   8053   4516   2399   3274   8779   2669   1479   9555   6133   8267   7965   5962   8372   7248   8995   4374   1425   5268   4903   7980   8308   1171   3388   3319     51   4742 
   210      0   8027   3307   8911   1199   8570   1924   8717   1433   3754   2212   3314   4895   6406   9740   2241   7820   7082    618   2456   1267   2016     52   3720   6399   7969   9716   4420    413   7851   7076   4717   7320   3743   2891   2540   2357   6109   7257   6385   7792   9203   6303   1850    423   2082   5106   3383    677   1682   1858   3244   2721    920   3317   7655    392   2117   1513   1331   2648   9170   1257   3309   1390   1066   7824   7414   7938   1879   9884   4745   2257   4128   4292   5534   5515   9106   4589 
  3232   8027      0   3566   2382   9998   6872   1945   8738   2290   1073   4901   5942   3003    819   2746   8747   8330    847   4202   8912   4884   2079   8149   6062   3696   3606   6220   6324   2763   9562   4469   2884   7775   3684   1071   3007   9109    263   2119   6735   3479   4015   8636   7347   5129   2492   1326   8800   4937   6318   7277   9142   8934   2578   1712   9600   1838   8782   1972   4321   9884   5674     38   9995   5312   8912   7379   6528   9407   1269   9678   2270   7693   2167   8002   1734   3545   3257   1018 
  7562   3307   3566      0   2110   1065   4701   6686   9704   7495   3649   8496   7874   3515   1261   4663   6176    809   5292   7050    758   8637   2280   1007   6986   6293   1003   2886   5657    606   2739   6416   6295   6610   7252   6421   7197   2946   4053   9781   1055   5391   1492    173   2187     94    683   2926   1881   8636   4023   9897   2767   3294   9589   6446   5715   6782   3520   3430   3654   2050   7800   3262   6591   7693   3253     22   6261   3738   5149   5418   3713   3527   9714   7375   1987   2640    479   2433 
  8455   8911   2382   2110      0   9796    844   9347    859   5596     60    431   9687   5188   2898   1980   9815   5007   1551   6609   9428   8244   4545   2980   1126   3486   9067    861   6724   6568    582   3795   2014   7011   9143   9569   2055   2809   1618   6153   7335    807   3870   2653   2689    710   2746   9721   5665   9370   2799    516   7306   2479   4390   4487   2461   5041   5949   6783     28   8570   8548   2160   4961    673   1757    667   9402   4944   2293   6737   9079    871   9357   2359   8917   4879   2204   4717 
  2833   1199   9998   1065   9796      0   8028   8385   4713   6361   8023   3352   8837   8777    803   5236   1094   5065   3163   1505   2730   7873   8369     70   2330    274   6352   5826   9213   2498   8193   5779   2544   2214   6107   1433   6003   2352   5232   8443   2070   2009   5908   7752   1732   8720   9120   8672   5376    579   8230   5523   1743   3101   5046   2586   2405   7617    754   9605   6498    549    206   3669   1919   3138   2427   8635   3876   9883   1796   1312   7645   9116   7865   5397   3005   4597   9963    861 
  3210   8570   6872   4701    844   8028      0   2130    294    536   8074   1979   5725   5688   8214   4918   1245   7496   8803   7117   7106   4694    196   2898   4306   5853   8652   1641   7509   9057   1816     70   4825   5694   1609   5896   4095   5469   9300   6085   6666   2424   4973   8678   2728   7807  10000   5269   7969   1898   1538   4581   5791   4656   4696   5058   1455   4792    950   1193   1768   9008   2923   3209   5609   3771   1770   6956   6775   1198   5163   4432   7638   3901   2100   2089   5735   2338   9138   3019 
   969   1924   1945   6686   9347   8385   2130      0   2851    783   5996   5714   7639   2678   2953    438   5809   4693   7824   3901   4905   5990   6817    623   3427   9671   9634   7745   2372   2294   1612   1291    482   7552   8166   8539   9313   9803   1570   7423   4747   5249   3191   7885   8320   9230   5503   9702   2382   6972   4402   1051   8274   3934    434   1727   8496   2475   6247   1439   5263   1789   3790   2174    728   1929    253   4901   9903   3072   9690   9129   3539   2358   2509   9005   8147   4369   6562   5978 
  9965   8717   8738   9704    859   4713    294   2851      0   9985   1781   6948   7869   3403   2959   4390   3938   7591   4463   3795   3455   4463   2298    520   5058   4925   8784   5504   6893   1353   5674   5105   4017    128   3447    629    298    375   8807   9563   4859    144   3544   6254   6731   3692   4464   5749   6063   5745    491   8989   3592   6397   7095   7076   2078   7884   6908   1127   9709   6614    721   3102   2128    909    284   2599   1837   1829   2840   9920   7793   3716   2652   8712   5020   2715   6042   6328 
  9174   1433   2290   7495   5596   6361    536    783   9985      0   6606   9014   5847   9677   3890   2129   1802    713   7834   8203   1063   5467   2925   7119   1980   3723   4894   4367   4444    763    397   7812   7419   3962   1458   7044   8235   6314    664   8691   4869   8853    999   7245   4554   1003   9701    130   1628    671   5551   2738    279   4162   1123    635     36   3455   1745   6177    705   1369   2674   2733   3082   2770   9464    265   3691   6652    439   1706    473   3573   1603   3006   7678   6479   5226   6280 
   511   3754   1073   3649     60   8023   8074   5996   1781   6606      0   5204   4334   3684   7674   6789   8453   4969   2339   8898   8002   7971   6873   8113   2425   7605   5639   5483   6638   6810   4538   5621   1847   6130   4792    270   8881   7705    963   6713   2449   6905   5565    748   9374   4849   6379   7097   5180   2903   4814   6620   3980   6859   4175   8917    307   4669   5755   8167   6776    961   2048   7665   7921   8368     87   4027    687   5521   1265   2964   2553   2792   5910   1594   1607   5823   4316   6443 
  5955   2212   4901   8496    431   3352   1979   5714   6948   9014   5204      0   8480   9443   8053   7450   1061   7554    668   2405   9759   2194   6945   7029   1910   6307    466   6662   8195     25   9900   2169   8585   8196   2323    935   4335   8721   7118   6199   1601   5845   2438   6034    855   9655   3920   2454   1525   7198   8888   1064     53   9052    480    319   4450   1403   4025    957   8822   1125   3954   4704   1382   5801   3567   1097   9867   1067   1931   8139   9140   8315   8256   4119    411   1914   4454    583 
  8952   3314   5942   7874   9687   8837   5725   7639   7869   5847   4334   8480      0   7941   4329   5162   4424   1597   9124   9505   9707   6019   4494    749   5935   4320   8397   1070   3992   4333    872   3757   6500   6822   2287   6661   6110   4920   3562   9235   4914   2546   7909   6335   5908   3787   4411   2379   5211   2096   7905   4571   8147   4688    758   1381   1874   6507   2953   3019   3049   4680   1801   4374   7854   1238   5379   6101   1160   7158   1609   7702   8603   1030   7103    884   2086   7296   2603   3378 
  3335   4895   3003   3515   5188   8777   5688   2678   3403   9677   3684   9443   7941      0    426   4852   8668   3639   4781    515   2298    458   4398   8334   8143   6207   7242   8878   7749    690   7376   3684   3890   1379   4992   7748   6640   3170   9642   6926   2272   6829   6197    381   8225   5864    269   1538   7996   2076   8337      3   8146   1843   6797   7280   8937   8914   4292   4295   3731   9000   4322   8633   4673   6566   3359   5035   9767     15   1223   2433   2273   4769   2136   4168    293   7493   9212   8355 
  6065   6406    819   1261   2898    803   8214   2953   2959   3890   7674   8053   4329    426      0    249   7123   5433   6104   4263   6585   9397   1963   5310   9597   7040   8587   7228   1089   1147   2316   7898    375   8205   2116   4567   2564   5273   9817   6504   8249   1689   1771   4752   9712   5998   2638   1403   3428   2268   6522   3536   5059   8496   1062    550   8584   8979   7554   5415    836   9045   7636   4276    621   5522   5766   6007   8938   5225   1405   4911   2685   1758   7212   4473   4993   9805   9018   2443 
  6990   9740   2746   4663   1980   5236   4918    438   4390   2129   6789   7450   5162   4852    249      0   3046    161   9873   5781   8666   1892   3321   4026   6378    424   8980   6860   4842    710   9259   7831    833   7494   9208   8752   1048    479    661    750   5364   1600   2037   9256   9601   4079    497   7664   2673   3857   9525   3279   7062   6122   5852   5649    892   9574   9865   9827   3498   5879    216   5900    874    352    420   4393   9063   7475   8345   5052   2054   1127   8700   5829   8056   1005    138   1906 
  2442   2241   8747   6176   9815   1094   1245   5809   3938   1802   8453   1061   4424   8668   7123   3046      0   3647   4916   2527   6933    926   6457   1367   3108   6373   2516   3657   2277   2685   9184   9138   3594   9089    986   3825   1450   4174   5852   8049    465   9324   7067   4411   7849   5901   7039   6605   6090    245   7249   5141    111   1963   2443   7106   2937   2782   2155   5789   3561    379   7832   1955   4873   7390   1402   7526   2603   1366   3988   8965   7413   9454   6804     57   5900   2473   1836   4161 
  2564   7820   8330    809   5007   5065   7496   4693   7591    713   4969   7554   1597   3639   5433    161   3647      0   1679    318   5426   5616    341   5668   6822   4213   2218   4719   7587   8139   5496   4507   2233   5730   8706   7864   3193   4381   8533   3879   4529   8653   1329   6595   7305   5742    260   9827   6558   1600   3449   7424   9133   8649   7616   5794   3843   8361   3039   8655   9188   1805   6824   9558   7065   4823    139      8   8607    925    239   5976   6092   6434   2028   5076   6195    786   8139   2116 
  4220   7082    847   5292   1551   3163   8803   7824   4463   7834   2339    668   9124   4781   6104   9873   4916   1679      0   3867   4385   3952   9763   7643   5382   6087   4348   4794    820   9102   5702    757   1561    451   8275   7441   1962    303    725   2243   5678   2257   2945   1565   8298   1566   8329    682   6493   8136   3444   5164   6973   4589    176   5348   8945   1299   2667   8627   3999   1889   2686   1216   4169   6209   7195   1049   4403   2563   1560   8286   3608   7748   1099   2571   1998    848   2729   3094 
   841    618   4202   7050   6609   1505   7117   3901   3795   8203   8898   2405   9505    515   4263   5781   2527    318   3867      0   5079   4084     10    585    490   1768   3375     64   6144   9563   4806   1333   2067   6192   9996   1835   1139   3624   3877   3241   3307   1905   3160   4345   6131   6799    542   1168   9191   1321   9292   6415   3512   1205   3502   1769    593    743   7015    887   5773   7511   8614    410   3094    113   3739   3471   2129   1922   4138   9177   9896   8320   1886   7610   9416   6426   6865   1986 
  4950   2456   8912    758   9428   2730   7106   4905   3455   1063   8002   9759   9707   2298   6585   8666   6933   5426   4385   5079      0   6059   2209   8139    444   2440   4421   1098   9094   8538   4548    624    336   5839   5311   5731   6552   9682   9534   1888   3172   8778   8950   4817   7216   5459    649   5969   3161   3309   8878   2221   5626   4388   8816   2334   2870   7264   8348   2067   1670   1182   2294   8372   8820    797   6220    516   4728     29   6414   4294   2034   1941   7789   3779   7223   9652   5507   8282 
  8150   1267   4884   8637   8244   7873   4694   5990   4463   5467   7971   2194   6019    458   9397   1892    926   5616   3952   4084   6059      0   5664   4107   2257   4250   5888   7097   9759   9580   9269   4294   6225   5636    114   5443   8101   7369   8027   4321   1493   2194   8642   3473   3258   6515   9040   4460   8446   5448   7798   9428   2822   1873   7669   2859   7134   4383    844   8865   4197   2222   2033   1827   9292    355   1010   6610   7706   1063   8605   6530   6546   4404    733   3877   8649    447   1063     86 
  2208   2016   2079   2280   4545   8369    196   6817   2298   2925   6873   6945   4494   4398   1963   3321   6457    341   9763     10   2209   5664      0   9553   6967   9045   2873   3066   8893   6850   1523   3770   7844   2837   2742   4603     11   6978    144   7413    264   7982     36   1852   8615   8018   6760   8188   2883   4947   3472   6179    931   7327   7323   7742   2041   9804   2605   2792   4439   5997   9580   6591   2578   7413    143   1224   7340   2271   3203    149   3196   7853   1135   4596   5520   1617   9099   5690 
  3978     52   8149   1007   2980     70   2898    623    520   7119   8113   7029    749   8334   5310   4026   1367   5668   7643    585   8139   4107   9553      0   1622   1194   1788   8288   1911   2176   8355   1038   9861   7650   5143   9095   5478    255   7423   6948   8625   1618   2548   3156   6008   2898   4182   2291    775   8953   6461   8840    219   4339   3011   8020   8406   3659   9488   2425    274   2306   7350   4392   6180   1664   1534   6847   9155   2655   4659   3122   8744   1237   5965   7271   2456     33   5472   8951 
  7530   3720   6062   6986   1126   2330   4306   3427   5058   1980   2425   1910   5935   8143   9597   6378   3108   6822   5382    490    444   2257   6967   1622      0   7344   8344   2629   6962   3024   4545   1016   2771    971   2494   7300    421   7549   5069   7693   2453   7773   2430   8428   9769   8950   5815   5647   5855   6720   6326   5842   3754   4996   4437   8680   8777   3807   4595   6319   8490   4422   7408   3779   5534   4684   2123   8784    813   4367   1864   6446   6796   6905   3732    840   2124   6822   3005   2893 
  8154   6399   3696   6293   3486    274   5853   9671   4925   3723   7605   6307   4320   6207   7040    424   6373   4213   6087   1768   2440   4250   9045   1194   7344      0   1749   2896    140   9387   3332    419   9221   1864   9042   4862   5010   9810   2422   4006   5995   3946    525   9329    169    332   6519   7073   3052   2658   3157   2400   6394   1082   5952   1067   7082   6420   8172   3105    208   2176   2813   6318   2619   9527   6714   7923   8396   3752   3840   7079   8489   3382   4425   9556   1297   1168   5469   1115 
  1152   7969   3606   1003   9067   6352   8652   9634   8784   4894   5639    466   8397   7242   8587   8980   2516   2218   4348   3375   4421   5888   2873   1788   8344   1749      0    273   4593   6968   8569   4440   4298   2142    158   1558   2700   1115   6971     27   9849   9550   5996   6285   3693   2919   6966   9531   3320   6671   5282   5425    400   5305   9962   3371   1653   1671   6580   8591   4196    590   3517   6165   9536   6589   9975   3993   1885   3498   2373   7363   3646   8670   4630   3157   4530   1251   4224   7461 
  1160   9716   6220   2886    861   5826   1641   7745   5504   4367   5483   6662   1070   8878   7228   6860   3657   4719   4794     64   1098   7097   3066   8288   2629   2896    273      0   4826   9852    431   7996   2526   6469   1710   5759   6673   2443   9268   2653   8161    542   1907   8602   4836   1269   8269    906   6111    705   3752   5953    408   4149   7571   9593   4190   9461   8488   7203   4646   2862   4517   1442   3738   9845   6982   2101   3949   2883   1317   4997   6866   1344   8356   4751   2142   4238    201   2867 
  3627   4420   6324   5657   6724   9213   7509   2372   6893   4444   6638   8195   3992   7749   1089   4842   2277   7587    820   6144   9094   9759   8893   1911   6962    140   4593   4826      0   9498   9513   1035   3804   7037    508   9276   4305   9577   2230   4039   2509   1989   6797   5868   7195   5530   9826   8986   9237   5106   1399   2268   3277   2669   7837   6807   4652    694   1329   8338   8330   7078   9160   2406   2126   6038     42   7144   1127   2971   1164   3413   1402   8893   2226   5757   3502   4776   4963   6419 
  1102    413   2763    606   6568   2498   9057   2294   1353    763   6810     25   4333    690   1147    710   2685   8139   9102   9563   8538   9580   6850   2176   3024   9387   6968   9852   9498      0   8278    758   9709   1844   4734   1612   5628   6693   1544   8100   6149   7121    872   8635   3049   8147   3629   9980   1127   7681   9009   6940   4801   1241    644   5767   4099     96   6501   3099   9041     73   6305    963   2847   1634     32   1718   1717   4005    173   2032   1155   3934   1957   7633   1505   1256   5298   9798 
  7019   7851   9562   2739    582   8193   1816   1612   5674    397   4538   9900    872   7376   2316   9259   9184   5496   5702   4806   4548   9269   1523   8355   4545   3332   8569    431   9513   8278      0   5452    332   9257   7732   1373   9340   2961    315   9611   9436   7446   4106   8930   7923   1902   1999   9156   3409   3883    227   2800    224   4017   5763   2114   8032   7096   9521   4554   2989     85   3723   2480   9187   1061    812   3271   8853   2586   8610   7567   1738   2714   5087   2272     42   7925   9588   1989 
  2074   7076   4469   6416   3795   5779     70   1291   5105   7812   5621   2169   3757   3684   7898   7831   9138   4507    757   1333    624   4294   3770   1038   1016    419   4440   7996   1035    758   5452      0   8039   7190    827   9734    622   3597   2627   9802    543   7995   6193   3611   1163   2446   1125    523   4670   3198   8090   5351   1949   8023   4018   9017   9602   5497   2545   5331   1989   4894   1209    777   2108   2138   6421    302   1494   7097   4330   3843   8308   8708   8762   8093   7386   2804   8667    133 
  8339   4717   2884   6295   2014   2544   4825    482   4017   7419   1847   8585   6500   3890    375    833   3594   2233   1561   2067    336   6225   7844   9861   2771   9221   4298   2526   3804   9709    332   8039      0   8452   7867    696   1093   9052   8208   3813   3856    267   7946   9432   6833    349   8672   2710   3800   5769   9871   6363   4753    161   2508   2638   4406   4503    108   7557    503   5985   5856   8612   6247   5774   1318   1740   1978   1609   9117   7025   5292   3917   3495    684   6900   5497     20   2770 
   874   7320   7775   6610   7011   2214   5694   7552    128   3962   6130   8196   6822   1379   8205   7494   9089   5730    451   6192   5839   5636   2837   7650    971   1864   2142   6469   7037   1844   9257   7190   8452      0   4346   7654   5581   1989   7494   4966   8256   2153   2202   2479   9259   9353   4113   5080   2267   3290   6040   4820   3221   5248   2573   2092   2693   1056   1542   9841   1766    453    884   8834   9506   8439   6248   2730   5116   1081   7093   2510   2571   3074   8487    229     40   2909   8051   6585 
   442   3743   3684   7252   9143   6107   1609   8166   3447   1458   4792   2323   2287   4992   2116   9208    986   8706   8275   9996   5311    114   2742   5143   2494   9042    158   1710    508   4734   7732    827   7867   4346      0   1435   8932      1   5645   5601   5530   8214   6766   5153   1673   2437   1967   3664   6571   9991   4479   3666   8524   9417   6142   3908    640   1814    416   9654   8432    598   8689   1453    667   9446   3433   2568    762    232   5713     66   2276   5629   7383   8681   6404     49   7166   9053 
  1679   2891   1071   6421   9569   1433   5896   8539    629   7044    270    935   6661   7748   4567   8752   3825   7864   7441   1835   5731   5443   4603   9095   7300   4862   1558   5759   9276   1612   1373   9734    696   7654   1435      0   8855   6199   1418   7772   5737   7077    441   8044   4114   2386   5637   6905   4093   6414   2362    384   4282   1281   4051   9772   7908   8311   9897   1648   2693   8475   5022   1429   9448   5299   1415   1845   6335   7339   5816   8599   2854    229   2820   3197   4167   2624   2309   8764 
  3896   2540   3007   7197   2055   6003   4095   9313    298   8235   8881   4335   6110   6640   2564   1048   1450   3193   1962   1139   6552   8101     11   5478    421   5010   2700   6673   4305   5628   9340    622   1093   5581   8932   8855      0   8752   9895   8696   8842    161   1773    653   9725   9563   4662   7709   2194   4901   4568    716   1356   9535   9650   8097   3839   1724   3708   5939   4429   2716   5952   2343   2927   5448   2649   6663   8406   6705   7242   2548   8419   2858   6064   2015   6772   7749   3019   6068 
  2098   2357   9109   2946   2809   2352   5469   9803    375   6314   7705   8721   4920   3170   5273    479   4174   4381    303   3624   9682   7369   6978    255   7549   9810   1115   2443   9577   6693   2961   3597   9052   1989      1   6199   8752      0   1442   7308   9722   7593   9624    992   7878   3541   4725   2487   2529   2771   6740   9297   1871   1017   5914   3515    131   3188   7744   5080   6270   3414   1363   4444    692   9634   7834     91   7664    999   7014    929   2843   8731   3359   3747   2536    410   6541   9766 
  5065   6109    263   4053   1618   5232   9300   1570   8807    664    963   7118   3562   9642   9817    661   5852   8533    725   3877   9534   8027    144   7423   5069   2422   6971   9268   2230   1544    315   2627   8208   7494   5645   1418   9895   1442      0   7954   3856   4053   3870   8920   2722    421   1450   6280   1859   4659   1069   5339   2661   2273   3439   4657   8798    260   1509    653   7006   3351   2606    834   9309   9498    560   5023   1545   6448   6691   8295   2224   8087    539   8581   3212   2602   6011    928 
  1135   7257   2119   9781   6153   8443   6085   7423   9563   8691   6713   6199   9235   6926   6504    750   8049   3879   2243   3241   1888   4321   7413   6948   7693   4006     27   2653   4039   8100   9611   9802   3813   4966   5601   7772   8696   7308   7954      0   1981   6836    232    585   4602   5335   2043   3885   5818    141    828   5656   2159   8317   9019   1992   7221   5409   1487   4515   4426   1190     68   7097   7470   7604   1777   2877   3948   6495    408    833   5577   9630    961   4225   2652   8155   1672   8466 
  9501   6385   6735   1055   7335   2070   6666   4747   4859   4869   2449   1601   4914   2272   8249   5364    465   4529   5678   3307   3172   1493    264   8625   2453   5995   9849   8161   2509   6149   9436    543   3856   8256   5530   5737   8842   9722   3856   1981      0    799   3371   4166   8587   7477   9359   2670   1539   1388   2732   7721    732   6708    934   8691   3759   7440   4562   7350   2681   5501   8493   9831   2453   4000   2664   1713   1786    404    694   1263   5415   2100   6280   7709   4206   8614   9047   1440 
  6267   7792   3479   5391    807   2009   2424   5249    144   8853   6905   5845   2546   6829   1689   1600   9324   8653   2257   1905   8778   2194   7982   1618   7773   3946   9550    542   1989   7121   7446   7995    267   2153   8214   7077    161   7593   4053   6836    799      0   9933     57   9074   3284   2243   7920   5433   7799   5682   1006   2427   8164   3872   5844   7340   3154   9171   1321   2601   3774   3805   6090   9728   7894   6981   3570   9466   6007   7815   5867   2299    729   6254   4197   9084   2265   2623   2229 
  3338   9203   4015   1492   3870   5908   4973   3191   3544    999   5565   2438   7909   6197   1771   2037   7067   1329   2945   3160   8950   8642     36   2548   2430    525   5996   1907   6797    872   4106   6193   7946   2202   6766    441   1773   9624   3870    232   3371   9933      0   9560   7383   8888   8066   6165   9650   8410    364   6899   6768   4068    941   3770   9569   2433   5349   8224    630   1267   3920   6730   6446   5264   6939   7460   6850   6509   5799    610   1585   1529   3980   3305   5581   1868   9537   6712 
   498   6303   8636    173   2653   7752   8678   7885   6254   7245    748   6034   6335    381   4752   9256   4411   6595   1565   4345   4817   3473   1852   3156   8428   9329   6285   8602   5868   8635   8930   3611   9432   2479   5153   8044    653    992   8920    585   4166     57   9560      0   1143   8800   6315   8924   7977   1615   8980   7539   6051   7598   5693   8736   7752   8841   9047   1679   9241   8480   4175   9690    865   9170   3416   3004   6530   1927   9388   1781   5280     35   4598   2046   3741    856   1129    285 
    30   1850   7347   2187   2689   1732   2728   8320   6731   4554   9374    855   5908   8225   9712   9601   7849   7305   8298   6131   7216   3258   8615   6008   9769    169   3693   4836   7195   3049   7923   1163   6833   9259   1673   4114   9725   7878   2722   4602   8587   9074   7383   1143      0   3301   5980   5349   1244   5770   9772   4812   3398   3986   9968   1407   8355   7439   4400   7326   9269    287   9637   1087   4354   2454   1795   4846   2451   8584   2967   8982    573   9675    941   6879   4671   8476   1027   3753 
  8795    423   5129     94    710   8720   7807   9230   3692   1003   4849   9655   3787   5864   5998   4079   5901   5742   1566   6799   5459   6515   8018   2898   8950    332   2919   1269   5530   8147   1902   2446    349   9353   2437   2386   9563   3541    421   5335   7477   3284   8888   8800   3301      0   6493   2416   2740   7799   7771   3278   9071   4479   5068   6922   8806    785   4364   9077   1935   6645   7020   4771    725   1386    669   1277   9935   6684   4975   4009   1492    277   1962   8454   2013   8919    861   8667 
  4135   2082   2492    683   2746   9120  10000   5503   4464   9701   6379   3920   4411    269   2638    497   7039    260   8329    542    649   9040   6760   4182   5815   6519   6966   8269   9826   3629   1999   1125   8672   4113   1967   5637   4662   4725   1450   2043   9359   2243   8066   6315   5980   6493      0    829   6089   9767   1554   4734   5536   1635   1937   8029   6351   5496    409    855   8946   3793     35   8852   1911   6905   3895   4371   9950   2202   4638   9959   8210   6086   7403   2193   1064   3430   6645   9983 
    64   5106   1326   2926   9721   8672   5269   9702   5749    130   7097   2454   2379   1538   1403   7664   6605   9827    682   1168   5969   4460   8188   2291   5647   7073   9531    906   8986   9980   9156    523   2710   5080   3664   6905   7709   2487   6280   3885   2670   7920   6165   8924   5349   2416    829      0   9592   4114   1192    773   7337   1072   4028   8938   7697   8306   6677   7045   5101   7274   4861   8552   9502   1216    654   2171   7588   6871   9524   5405   9439   1626   5939   7912   4195   2014   7461   5619 
  1271   3383   8800   1881   5665   5376   7969   2382   6063   1628   5180   1525   5211   7996   3428   2673   6090   6558   6493   9191   3161   8446   2883    775   5855   3052   3320   6111   9237   1127   3409   4670   3800   2267   6571   4093   2194   2529   1859   5818   1539   5433   9650   7977   1244   2740   6089   9592      0   7324   4499   5478   2397   3667   6203    339   4487   1439   3552   9488   3617   8783   3263   5928   9353   1878   7082   4987   3392   1127   6173   4995   1902   4595   8288   3894   3513   8881   3165   8899 
  1430    677   4937   8636   9370    579   1898   6972   5745    671   2903   7198   2096   2076   2268   3857    245   1600   8136   1321   3309   5448   4947   8953   6720   2658   6671    705   5106   7681   3883   3198   5769   3290   9991   6414   4901   2771   4659    141   1388   7799   8410   1615   5770   7799   9767   4114   7324      0   2000    174   5891   7990   4509   4869   7516   3614   2635    528   9882   6898    612   6383   1832   5518    256   4168   2031   9540   2250   1423   7734   7441   6835   2791   8126    317   7500   5642 
  4263   1682   6318   4023   2799   8230   1538   4402    491   5551   4814   8888   7905   8337   6522   9525   7249   3449   3444   9292   8878   7798   3472   6461   6326   3157   5282   3752   1399   9009    227   8090   9871   6040   4479   2362   4568   6740   1069    828   2732   5682    364   8980   9772   7771   1554   1192   4499   2000      0   4941    502   1166   7509   3914   3215   3405   6776   2538   3893    190   6397   2762   6178   2230   3622   6252   4278   9107   6139   4246   3410   5423   7587   3448   8855    899   6707   8317 
    25   1858   7277   9897    516   5523   4581   1051   8989   2738   6620   1064   4571      3   3536   3279   5141   7424   5164   6415   2221   9428   6179   8840   5842   2400   5425   5953   2268   6940   2800   5351   6363   4820   3666    384    716   9297   5339   5656   7721   1006   6899   7539   4812   3278   4734    773   5478    174   4941      0    702   2537   4325   4133    184   6774   2267   2080   7625    614   1780   7534   5120   7273   6813   1078   6586   5133   1707   4069    152   4301   2200   7032    446   6521   6988   6716 
  2837   3244   9142   2767   7306   1743   5791   8274   3592    279   3980     53   8147   8146   5059   7062    111   9133   6973   3512   5626   2822    931    219   3754   6394    400    408   3277   4801    224   1949   4753   3221   8524   4282   1356   1871   2661   2159    732   2427   6768   6051   3398   9071   5536   7337   2397   5891    502    702      0   1293    870   9198   1157   2530    985   3035   9036   4224   4719   7557    717   4140   1823   2224   7504   3000   6243   6953    535   8289   7379   2871   7097   3916   7539   1398 
  2806   2721   8934   3294   2479   3101   4656   3934   6397   4162   6859   9052   4688   1843   8496   6122   1963   8649   4589   1205   4388   1873   7327   4339   4996   1082   5305   4149   2669   1241   4017   8023    161   5248   9417   1281   9535   1017   2273   8317   6708   8164   4068   7598   3986   4479   1635   1072   3667   7990   1166   2537   1293      0   8813   2638    543    785   4138   5179   5765   3296   4061   4194   2131    899   1147   3430   9745   6669    809   2128   6880   8084   8952   4371   1076   9400   4725   3439 
  8053    920   2578   9589   4390   5046   4696    434   7095   1123   4175    480    758   6797   1062   5852   2443   7616    176   3502   8816   7669   7323   3011   4437   5952   9962   7571   7837    644   5763   4018   2508   2573   6142   4051   9650   5914   3439   9019    934   3872    941   5693   9968   5068   1937   4028   6203   4509   7509   4325    870   8813      0   6719   3138   4817   4714   1071   8494   7597   2268   2186   1163   6586   1002   8983   1138   6799   1604   4959   8070   4538   6979   1605   1995   5691   8477   8098 
  4516   3317   1712   6446   4487   2586   5058   1727   7076    635   8917    319   1381   7280    550   5649   7106   5794   5348   1769   2334   2859   7742   8020   8680   1067   3371   9593   6807   5767   2114   9017   2638   2092   3908   9772   8097   3515   4657   1992   8691   5844   3770   8736   1407   6922   8029   8938    339   4869   3914   4133   9198   2638   6719      0   3753   7118   6138   9061   4147   7896   8940    602   9555   6517   1754   7688   1816   2048   9758   1376   5794   6435   2080   3396   7804   4257   7122   9846 
  2399   7655   9600   5715   2461   2405   1455   8496   2078     36    307   4450   1874   8937   8584    892   2937   3843   8945    593   2870   7134   2041   8406   8777   7082   1653   4190   4652   4099   8032   9602   4406   2693    640   7908   3839    131   8798   7221   3759   7340   9569   7752   8355   8806   6351   7697   4487   7516   3215    184   1157    543   3138   3753      0   5723   8177   6877   6129   6103   3820   5451   9180   2951   3209    806   9725   3057   8344   9840    634   7426    221   9845   9031   2635   3182   7518 
  3274    392   1838   6782   5041   7617   4792   2475   7884   3455   4669   1403   6507   8914   8979   9574   2782   8361   1299    743   7264   4383   9804   3659   3807   6420   1671   9461    694     96   7096   5497   4503   1056   1814   8311   1724   3188    260   5409   7440   3154   2433   8841   7439    785   5496   8306   1439   3614   3405   6774   2530    785   4817   7118   5723      0   1132   1677   9263   7335   6261   7477   1980   6787   9631   6059    839    733   8000   8968   1540   2834   6294   3189   2707   3709   1444    939 
  8779   2117   8782   3520   5949    754    950   6247   6908   1745   5755   4025   2953   4292   7554   9865   2155   3039   2667   7015   8348    844   2605   9488   4595   8172   6580   8488   1329   6501   9521   2545    108   1542    416   9897   3708   7744   1509   1487   4562   9171   5349   9047   4400   4364    409   6677   3552   2635   6776   2267    985   4138   4714   6138   8177   1132      0   7788   5940   5353   3080   4384   3857   1747   4096   7134   9939   5235   1300   4916   1285   7073   1750   2328   5854   1314   2302   7270 
  2669   1513   1972   3430   6783   9605   1193   1439   1127   6177   8167    957   3019   4295   5415   9827   5789   8655   8627    887   2067   8865   2792   2425   6319   3105   8591   7203   8338   3099   4554   5331   7557   9841   9654   1648   5939   5080    653   4515   7350   1321   8224   1679   7326   9077    855   7045   9488    528   2538   2080   3035   5179   1071   9061   6877   1677   7788      0   3451   1367   9670   2011   6858   9769   4700   2594   3017   8674   6169   7533    718    223   6637     39   4263   1332   9518   2393 
  1479   1331   4321   3654     28   6498   1768   5263   9709    705   6776   8822   3049   3731    836   3498   3561   9188   3999   5773   1670   4197   4439    274   8490    208   4196   4646   8330   9041   2989   1989    503   1766   8432   2693   4429   6270   7006   4426   2681   2601    630   9241   9269   1935   8946   5101   3617   9882   3893   7625   9036   5765   8494   4147   6129   9263   5940   3451      0   5092   3327    944   1979   5748   4176   2391   5548   4333   1591   5931    948   1072   2000   7466   1816    204   9628   7044 
  9555   2648   9884   2050   8570    549   9008   1789   6614   1369    961   1125   4680   9000   9045   5879    379   1805   1889   7511   1182   2222   5997   2306   4422   2176    590   2862   7078     73     85   4894   5985    453    598   8475   2716   3414   3351   1190   5501   3774   1267   8480    287   6645   3793   7274   8783   6898    190    614   4224   3296   7597   7896   6103   7335   5353   1367   5092      0    286   9729   8112   8370   4004   5175   3171   6473   1418   9904   5522   6862   2567   3035    279   7913    540   8138 
  6133   9170   5674   7800   8548    206   2923   3790    721   2674   2048   3954   1801   4322   7636    216   7832   6824   2686   8614   2294   2033   9580   7350   7408   2813   3517   4517   9160   6305   3723   1209   5856    884   8689   5022   5952   1363   2606     68   8493   3805   3920   4175   9637   7020     35   4861   3263    612   6397   1780   4719   4061   2268   8940   3820   6261   3080   9670   3327    286      0   6459   5807   9778   5911   1319   4986   6858   4162   3442   1788   4357   7534     55   2500   5777   7676   8070 
  8267   1257     38   3262   2160   3669   3209   2174   3102   2733   7665   4704   4374   8633   4276   5900   1955   9558   1216    410   8372   1827   6591   4392   3779   6318   6165   1442   2406    963   2480    777   8612   8834   1453   1429   2343   4444    834   7097   9831   6090   6730   9690   1087   4771   8852   8552   5928   6383   2762   7534   7557   4194   2186    602   5451   7477   4384   2011    944   9729   6459      0    735   1510   8456    749   1986   1489   1378   3670   5959   1920   7503   5123   2230   9422   4241    584 
  7965   3309   9995   6591   4961   1919   5609    728   2128   3082   7921   1382   7854   4673    621    874   4873   7065   4169   3094   8820   9292   2578   6180   5534   2619   9536   3738   2126   2847   9187   2108   6247   9506    667   9448   2927    692   9309   7470   2453   9728   6446    865   4354    725   1911   9502   9353   1832   6178   5120    717   2131   1163   9555   9180   1980   3857   6858   1979   8112   5807    735      0    278   9968    724   3817   5764   1488   7195   5317   1171   6456   7194   2162   7140   6722   9060 
  5962   1390   5312   7693    673   3138   3771   1929    909   2770   8368   5801   1238   6566   5522    352   7390   4823   6209    113    797    355   7413   1664   4684   9527   6589   9845   6038   1634   1061   2138   5774   8439   9446   5299   5448   9634   9498   7604   4000   7894   5264   9170   2454   1386   6905   1216   1878   5518   2230   7273   4140    899   6586   6517   2951   6787   1747   9769   5748   8370   9778   1510    278      0   1866   9399   3950   1687   4741   9139   1956   3191   2903   2354   1532   6984   3820   8784 
  8372   1066   8912   3253   1757   2427   1770    253    284   9464     87   3567   5379   3359   5766    420   1402    139   7195   3739   6220   1010    143   1534   2123   6714   9975   6982     42     32    812   6421   1318   6248   3433   1415   2649   7834    560   1777   2664   6981   6939   3416   1795    669   3895    654   7082    256   3622   6813   1823   1147   1002   1754   3209   9631   4096   4700   4176   4004   5911   8456   9968   1866      0    651   7136   2066   1493   1727    892   1030     49   7293   9169   2258   4328   1754 
  7248   7824   7379     22    667   8635   6956   4901   2599    265   4027   1097   6101   5035   6007   4393   7526      8   1049   3471    516   6610   1224   6847   8784   7923   3993   2101   7144   1718   3271    302   1740   2730   2568   1845   6663     91   5023   2877   1713   3570   7460   3004   4846   1277   4371   2171   4987   4168   6252   1078   2224   3430   8983   7688    806   6059   7134   2594   2391   5175   1319    749    724   9399    651      0   2278   6758   3597   7816    608   8902   5139   5875    750   8324   3842   1563 
  8995   7414   6528   6261   9402   3876   6775   9903   1837   3691    687   9867   1160   9767   8938   9063   2603   8607   4403   2129   4728   7706   7340   9155    813   8396   1885   3949   1127   1717   8853   1494   1978   5116    762   6335   8406   7664   1545   3948   1786   9466   6850   6530   2451   9935   9950   7588   3392   2031   4278   6586   7504   9745   1138   1816   9725    839   9939   3017   5548   3171   4986   1986   3817   3950   7136   2278      0   7141   6429   2391    370   3646   9257   2415   8825   5503   6958   8084 
