
     0      8     18     84     69      2     45     91     55     37     13      4     60     19     33     48     72     88     78     30     24     71     46     42     21     75     49     10     79      4      6     90     16     12     44     96     52     21      7     19     93     57     88     38     66     32     81     30      4     41     92      9     86     51     58      8     28     83     94     22     30     16     75     88     84     69     25      3     14     90     46     63     16     74     13     23     34     64     75     97 


 1000000    652    768    161    699    125    922    717    760    493    565    240    425    710     53    209    603    437    994    625    515    316     91      5    436    152    327    698    519    160    979    376    211    745     50    469    819    288    325    100    259    470    739    326    663    661    241    394    109    182    582    916    198    532    230    742    237    923    179    778     48    905    394    541    810    303     55    253    619     70    581    860    757    631      2    111    766    261    867    898 


     0    345    430    487    104    539    989    207    411    759    466     95    993    863    634    182    721    785    256    485    664    886    554     35    125    820    278     85    666    387    181    252     42    522    342    911      3    401    327    318    632    598    781    262    884     32    166    895    376    429    513      2     64    541    192    839    718    117    781    790    242    533    751    191    400    312    138     20    221    311    260    124    823    593    517    757    299    161    110    478 
   345      0     87    772     83    223     71    690    264    968    831     92    621    491    641    486    484    435    269    244    494    739    312    109    514    809     15    497    509    429    274     72    750    180    149    418    474    488    939    151    679    813     99    381    998    258    409    241    758    525     79    275     33    159    400    314    460    248    999    212    320    568    139    656    455    562    683    677     37     80    555    702    821    735    259     49    118    213    386    750 
   430     87      0    492    699    917    957    274    145     72    790    666     10     10    686     75    685    411    481    520    535    465    621    847    172    655    737    168    512    980    307    745     89     42    755     78    163    973    994    130    172    827     82     68     80    216    568    458    903    626    185    437    321    545     30    821    987    607    782    115    888    927    245    207    397    424    511    108    983    708    962    517    216    458    801     80    413    163    659    881 
   487    772    492      0    672    229    638    343    666    628    555    600     83     74    702    814    751    145    545    110    529    208    781    540     28    517    588     83    135    221    791    203    932    669    358    597    500    684    223     20    730    243    722    668    621    907    876    950    786    332    318    795    105     89     14    979     29    897    196    866    569    838    411    417    978    485    658    137    224    194    559    446    367    300    206    786    992    420    364    964 
   104     83    699    672      0    263    738    551    712    627    505    553    504    962    616    261    356    761    493    253    345    583    912    534    320    735    152     54    248    399    811    282      4    467    222    291    939    701    714    823    597    931    630    868    286    497     99    408    157    736    388    976    978    749     75    729    521    258    964    349    694    343    338    649    927    374    555    572    328    310    268    145    915    628    553    774    246    719    428    135 
   539    223    917    229    263      0    603    402    637    919     59    896    309    241    848     70    229    875    530    131     96    603    892    648    957    803     57    269    401    398    968    938    655     42    121    684    401    814    587    167    646    212    422    134    945    559    520     56    835     23    591    388    129    592     74      1    427    369    698    898    326    338     63    859    505    234    401    862    304    967    286     48     10     49    101    543    692    707    763    156 
   989     71    957    638    738    603      0     30    247    189    261    857    213    206    202    155    443    469    764     80    595    622    996    413    868    942    972    694    714    713    116     65    305    772    176    916    474    811     88    910    238      3    208    529    107    474    901    898    434    508    569    249    949    519      9    429    807    245    871    231    600     59     51    885    370     36    943    978     76      9    177    480    922    911    761    216    450    454    252    497 
   207    690    274    343    551    402     30      0    710    151    543     77     54    466    890    513    869    565    384    955    770    456     33    735    696    689    282    447    158    158    358    762    736    157    595    925    183    455     16    916    256    380     53    354    437    180    407    198    834    969    307      8    517    938    125    896    419    898     44    444    131    893     65    692    183    741     74    656    121    341      7    751    187    545    158     81     51    216    491    203 
   411    264    145    666    712    637    247    710      0     99    724    853    633      8    375    172    834     16    472     50    190    384    409     62    220    171    196    980    620    337    986    649    618    237    193    165    701    173    580    296    435    466    295    927    899    837    748    346     36    369    975    986    286    184    633      1    314    951     87    618    576    393     98    143    320    820    349    243    418    779    948    862    816    804    514    126    257    642    942    429 
   759    968     72    628    627    919    189    151     99      0    174    258     59    334    880    669    604     33    131      8    346    432    108    556    672    298    954    142    572     84    158    892    169    727     13    492    135    293    979     41    505    980    663    312    300    719    503    296     91    639    737    340    550    835    181    243    430    423    249    194    452    796     53    237    931    595    601    870    112    136    443    697    440    889    933    779    195    455     62    506 
   466    831    790    555    505     59    261    543    724    174      0    145    635     47    180    196    657    138    190    206    989    507    652    948    179    233    137    205    944    725     63     42    885    682    973    862    102     49    143    439    106    290     57    656    441    162    549    260    420    871    562    845    691    218    531    660    451     36     64    520     31    442    711    891    907   1000    111     64    171    925    847    818     96     24    136    518    980    817    427    805 
    95     92    666    600    553    896    857     77    853    258    145      0    171    650    395    471    664    780    531    114    351     71    918    136    720    551    243    376    541    359    669    283    426    105    400    870    374    203    249    187     58    873    137    818    540    127    878    493    988    440    414     32    482    330    366    428    485    313    491     29     95    821    910    652     83    878    820    227     25    589    330    402    985    546    129    207    681    225    797    157 
   993    621     10     83    504    309    213     54    633     59    635    171      0    904    357    182     57    693    181     55    498    576    729    907    412    740    998    694    144    581    272     86    714    385    603    185    906    675    624     27    355    166     73     85    161    158    151     67    649    525    263    230    287    298    821    902    899    447    159     32    845    521    332    689    805    203    491     51    282    653    529    304    459    257    801    829    594    376    463    370 
   863    491     10     74    962    241    206    466      8    334     47    650    904      0    293    936    429    283    740    563    242    397     63     46    674    530    739    281    737    185    172    643    601    203    117    221    976     54    470    910    192    710    275    241    118     72    847    853    523    484     88    339    939    828    678    896    462    501    202    294    461     87    853    119    106    347    560    735    869    330    151     50    406    563     27    213    683    498    809    619 
   634    641    686    702    616    848    202    890    375    880    180    395    357    293      0    601    697    120    647    602    864    606    214     98    574    891    878    218    147    363    458    835    614     42    881    130    695    296    297    880    369     68     83    467    654    154    823    713    491    908    118    830    962    185    188    706    533    473    573    634    732    308    735    892    181   1000    232    865    225    787    685    980    987     63    527    241    332    673    196    565 
   182    486     75    814    261     70    155    513    172    669    196    471    182    936    601      0     32    810    157    239    818    676    530    344    308    894    807    350     62    491    610    585    203    710    306    923    508    431    941    623    868    242    722    242    117    183    988    244     82    740    781    187    913    429    536    339    152    663    337    473    254    915    818    223    878    727     63    895    368    232     37    103    895    116    176   1000    551    319     37    106 
   721    484    685    751    356    229    443    869    834    604    657    664     57    429    697     32      0    107    621     58    220    965    548    749    400    297    572    976    128    828    951    684    768    835    894    236    833    417    285     89    541    822     32      5    402    963    186    705    442    893    213    114    622    927    228    683    614    297    970    312    347    648    889     52    560    572    780     62    256    501    714    176    437    999    345    379    907    643    816    767 
   785    435    411    145    761    875    469    565     16     33    138    780    693    283    120    810    107      0     91    656      4    679    696    816    137    712    617    578    216    820    461    258    668    184    214    740    347    491    422    257    180     76    394    482    139    247    160    221    328    247    272    204     43    264    657    334     38     12    425    993    228    752    431    545    976    481    999    863    284    423     52    279     97    809    563    647    166    164    824    288 
   256    269    481    545    493    530    764    384    472    131    190    531    181    740    647    157    621     91      0    597     31     29    498    939    986    736    799    165    896    431    993    929    692     68    802     39    421    288    338    843    364    888    227    247    983     28     18     75    740    750    668    861    251     61    927    584     17    627    659    676     96    579    178     80    830    539    663    836    789    554    438    280    151    579    719    887    727    145    272    184 
   485    244    520    110    253    131     80    955     50      8    206    114     55    563    602    239     58    656    597      0    472    252    251      8    731     64    645    152    307    491    702     97    589    191     24    726    582    583    997    266    896     98    859    411    677     71    886     87    590    925    958    264     78    385    610    121    989    220     65    103    967    779    955    152     43    692    154    639    802    125    633     45    743     45    621    615    441    495    925    948 
   664    494    535    529    345     96    595    770    190    346    989    351    498    242    864    818    220      4     31    472      0    362    484    223    645    885    223    658    483    235    981    193    178    609    304    676    933    821    610    791    707    843    278     18    191    750    731    170    273    720    448    711    384    977    761    641    940    828     24    270    189     96    628     84    679    176    723    192    730    425    573    582    824    114    726    726    264     27    485    823 
   886    739    465    208    583    603    622    456    384    432    507     71    576    397    606    676    965    679     29    252    362      0    329    848    265    190    508     58    522    934    601    344    514    828     90    445    372     46    913    943    329     63     33    157     38    775    889    187    786    676    294    655    295     52      9     40    303    261    908    201    465    149    806    754    434    231    125    847    975    986     26    514    430    532    697    627    115    764    917    301 
   554    312    621    781    912    892    996     33    409    108    652    918    729     63    214    530    548    696    498    251    484    329      0    795     20    238    685    972    645    823    569    101    617    709    693    837    755    297    432    712    888    263    731     21    130    445    551    355    460    225    798    187    820    650    690    827    146    694     30    431     96    565    205    389    458    343    790    712    820    372    531     19    441     10    600     32    409     51     44     64 
    35    109    847    540    534    648    413    735     62    556    948    136    907     46     98    344    749    816    939      8    223    848    795      0    667    316    944    570    362    392    533    422    508    906    125    964    220    585    606    468    223    779    889     95    117     62    812    763    601     72    269     74    626    393    763    811    209    870    584    130    684      5    619    309    519    593    822    693    809    245    760    269    138     14    354    986    461    787    368    821 
   125    514    172     28    320    957    868    696    220    672    179    720    412    674    574    308    400    137    986    731    645    265     20    667      0    758    904    628     41    182    470    359    317    929    874    483    111    954    806     66    508    101    566    390    837    425     16    432     23    665    582    799    320    371    142     67    531    371    502    153    760    629    122    543    765    184    242    269    581    211    779     49    229    691    111    619    722    333    548    996 
   820    809    655    517    735    803    942    689    171    298    233    551    740    530    891    894    297    712    736     64    885    190    238    316    758      0    420    777    327    420    132    685    838    665    247    130    611    843    329    669    637    522    801    841    635    818    266    201     81     72    144    236    880    440     49    672    879    603     63    683    624    216      6    949    866    139    514    240     69    560    502    875    973    944    368    727    532    419    165    158 
   278     15    737    588    152     57    972    282    196    954    137    243    998    739    878    807    572    617    799    645    223    508    685    944    904    420      0    264    694    943    475    726    200     72    175    779    735    125    658    606    322    185     24    950    906    339    416    744    966    583    421    542    680     40    735    608    332    930    128     51     83    781    824    146    768    975      7    575    761    968    657    493    123    181    201    925    607     23    611    761 
    85    497    168     83     54    269    694    447    980    142    205    376    694    281    218    350    976    578    165    152    658     58    972    570    628    777    264      0    584    531    183    313    209    688    713    462    510     41    646    560    183   1000     46    281    153    938    202    158    270    139    979    259    587    715    643    634    769    502    286    554    185    131    356    540     65    367    578    335    321    633    674    637    271    959    858    471     56     74    394    869 
   666    509    512    135    248    401    714    158    620    572    944    541    144    737    147     62    128    216    896    307    483    522    645    362     41    327    694    584      0    462    481    881    969     36    783    836    203    416    282    971    369    678    269    286    760    389    876    206    945    105    113    603    685    230    480    493    255    702    598    642    716    145     23    855    609    825    758    244     40    460    780    877    207    220    660    472    347    101     30    981 
   387    429    980    221    399    398    713    158    337     84    725    359    581    185    363    491    828    820    431    491    235    934    823    392    182    420    943    531    462      0    824    170    268    417    395    168    129    693    709    626    998    881    160    903    259    180    641    385    116    928    113    591    152      2    604    659    947    282    403    450    277     80    256    961    540    702     16    909    656    714    214    436    692    917    948    652    977    928    342    286 
   181    274    307    791    811    968    116    358    986    158     63    669    272    172    458    610    951    461    993    702    981    601    569    533    470    132    475    183    481    824      0    159    547    953    382    299    135    402    983    772    238    592    296    361    189    894    174    644    743    525    222    106     46    244    883    927    154    660    639    599    127    738    793    120    909    817    629    859    744    535    703    433    903    136    274    766    677    310    641    949 
   252     72    745    203    282    938     65    762    649    892     42    283     86    643    835    585    684    258    929     97    193    344    101    422    359    685    726    313    881    170    159      0    148     14    210    159    522    191    133     52    978    162    167    840     38    502    583    954    251    800     17    381    366    581    747    881    101    267     75    163    256   1000    717    376    951    583    136     66    103    374    597    238    816    323    590    605    545    677    136    822 
    42    750     89    932      4    655    305    736    618    169    885    426    714    601    614    203    768    668    692    589    178    514    617    508    317    838    200    209    969    268    547    148      0    129      4    558    986     48    595    182    787    247    772    997    687    149    104    622    775     61    612    764    264     91     28    380     40    246    577    873    812    658    500    240    712    802     91     43    430     71    996    872    311    806    726    670    491    983    960     96 
   522    180     42    669    467     42    772    157    237    727    682    105    385    203     42    710    835    184     68    191    609    828    709    906    929    665     72    688     36    417    953     14    129      0    272    982    767    912    100    303    760    727    389    274    636     35    571    730    132    483    715    297      5    596    759    231    853    271    880    495    207    501    191      6    552    744    368    646    271      6     49    511    927    127    767    950    499    424    731    349 
   342    149    755    358    222    121    176    595    193     13    973    400    603    117    881    306    894    214    802     24    304     90    693    125    874    247    175    713    783    395    382    210      4    272      0    656    592    469    175    975    945    212    833    983    631     27     76    684    228    870    424    507    694    948    136    358    528    662    278    702     41     32    579   1000    445    880     61    800    264    548    486    788     47    764    696     19     65    218     18    527 
   911    418     78    597    291    684    916    925    165    492    862    870    185    221    130    923    236    740     39    726    676    445    837    964    483    130    779    462    836    168    299    159    558    982    656      0    475     70    953    652    210    441    577     93    289     63    679    731    791    871    234    149    557     73     32    658    166     71    538    515    569    132    598     69    658    634    105    496    811    632    548    735    807    936    799    829    155    288     23    584 
     3    474    163    500    939    401    474    183    701    135    102    374    906    976    695    508    833    347    421    582    933    372    755    220    111    611    735    510    203    129    135    522    986    767    592    475      0    222    348    692    901    825    827    556    354    826    539    406    235    130    499    933    163    464    669    274    631    246     29    503    595    136    344    781    647    602    387    408    196     43    631    326    110    371    124    544    550    573    277    144 
   401    488    973    684    701    814    811    455    173    293     49    203    675     54    296    431    417    491    288    583    821     46    297    585    954    843    125     41    416    693    402    191     48    912    469     70    222      0    585    954    511    226    421    229    265    890    428    290     27    241    824     96    681    825    464    604    154    169    704     39    713    661     19    647    517    593    936    321    990    129    762    874    553    343    717    114     18    637     51     60 
   327    939    994    223    714    587     88     16    580    979    143    249    624    470    297    941    285    422    338    997    610    913    432    606    806    329    658    646    282    709    983    133    595    100    175    953    348    585      0    581     81    380      1    788    656    757     22    846    873    164    303    242     95    325    881    638     84     17     63    209    885    970    222    753    386     14    976    799    626    836    173    663    471    144    581    162    599    734    769    630 
   318    151    130     20    823    167    910    916    296     41    439    187     27    910    880    623     89    257    843    266    791    943    712    468     66    669    606    560    971    626    772     52    182    303    975    652    692    954    581      0    432      1    174    862    451    838    189    245    914     51     96    565     89    974    496    148    246    751    916    134    564    237    688    432    477    642     91    848    406    439    815    243    163    838    240    703    598    100    186    175 
   632    679    172    730    597    646    238    256    435    505    106     58    355    192    369    868    541    180    364    896    707    329    888    223    508    637    322    183    369    998    238    978    787    760    945    210    901    511     81    432      0    488    107    246    349    290     97    136    347    216    737    175    650    311    435    885     65    848    875    922    548    423    922    182    613    446    220    950    892    109    762    372    114    174    287     27    121    911    117    301 
   598    813    827    243    931    212      3    380    466    980    290    873    166    710     68    242    822     76    888     98    843     63    263    779    101    522    185   1000    678    881    592    162    247    727    212    441    825    226    380      1    488      0    869    490    698    964    801    151    448    653    372    119    934    161    512    427    793    779    127    175    337    997    210    151    933     24    936    678    504    372    821    250    199     95    252    662    840    184    142    137 
   781     99     82    722    630    422    208     53    295    663     57    137     73    275     83    722     32    394    227    859    278     33    731    889    566    801     24     46    269    160    296    167    772    389    833    577    827    421      1    174    107    869      0    578    935    289     63    111    862    370    236    224     15    195    203    576    771    541     44    554     28    976    115    148    460    767     29    519    231    219    118    182    710    886    578    132      5    831    517    617 
   262    381     68    668    868    134    529    354    927    312    656    818     85    241    467    242      5    482    247    411     18    157     21     95    390    841    950    281    286    903    361    840    997    274    983     93    556    229    788    862    246    490    578      0     50    854    926    114    183    132    724    416    799    317    534    852    770    759    214    254    607    383    294    256     31    235     31    215    553    241    105    256    192    861    278    309    614    521    338    199 
   884    998     80    621    286    945    107    437    899    300    441    540    161    118    654    117    402    139    983    677    191     38    130    117    837    635    906    153    760    259    189     38    687    636    631    289    354    265    656    451    349    698    935     50      0     77    275    336    813    408    905    135    337    798    380    392    777    825    637    515    150    868    229    810     80    972    899    496    101    709    598    377    241    962    586     21    224    101    976    258 
    32    258    216    907    497    559    474    180    837    719    162    127    158     72    154    183    963    247     28     71    750    775    445     62    425    818    339    938    389    180    894    502    149     35     27     63    826    890    757    838    290    964    289    854     77      0    365    510    941    616     78    162    121    848     41    646    880     38    224    173    423    821    112    641    273    406    101    719    112    910    839    645    810    392     44    710    221    838    870    542 
   166    409    568    876     99    520    901    407    748    503    549    878    151    847    823    988    186    160     18    886    731    889    551    812     16    266    416    202    876    641    174    583    104    571     76    679    539    428     22    189     97    801     63    926    275    365      0    720    791    429    241    176     23    124    190    117     80    338    153    952     53    740    204    984    362    251     96    103    210    445    735     58    471    416    246    292     39    217    356     84 
   895    241    458    950    408     56    898    198    346    296    260    493     67    853    713    244    705    221     75     87    170    187    355    763    432    201    744    158    206    385    644    954    622    730    684    731    406    290    846    245    136    151    111    114    336    510    720      0    902    471     23    307    864    190    377    349    733     82    177    413    618    143    720    202     41    828    386    568    120    880    168    574    423     40    276    933     64    769    219     84 
   376    758    903    786    157    835    434    834     36     91    420    988    649    523    491     82    442    328    740    590    273    786    460    601     23     81    966    270    945    116    743    251    775    132    228    791    235     27    873    914    347    448    862    183    813    941    791    902      0     62    401    550    191    833    331    987    510    795    329    391    422    251    871    221    925    272    393    853    412    443    779    849    982    842     68    248    353    794    536    923 
   429    525    626    332    736     23    508    969    369    639    871    440    525    484    908    740    893    247    750    925    720    676    225     72    665     72    583    139    105    928    525    800     61    483    870    871    130    241    164     51    216    653    370    132    408    616    429    471     62      0    215    259    697    920    794    181    832     50    359    826    788    272    334    366    115    427    803    202    790    980    561    324    251    928    899    645    661    392    502    731 
   513     79    185    318    388    591    569    307    975    737    562    414    263     88    118    781    213    272    668    958    448    294    798    269    582    144    421    979    113    113    222     17    612    715    424    234    499    824    303     96    737    372    236    724    905     78    241     23    401    215      0    448    121    457    632    570    283    997    394    626      8     34    370    175    800    416    445    543    478    314    406    422    862    678    865    327    142    432    171    366 
     2    275    437    795    976    388    249      8    986    340    845     32    230    339    830    187    114    204    861    264    711    655    187     74    799    236    542    259    603    591    106    381    764    297    507    149    933     96    242    565    175    119    224    416    135    162    176    307    550    259    448      0    544    793     59     80    991    338    192    340    399    697    192    566    275    223    291     43    114    951    926    638     35     38    611    979    647    616    683    961 
    64     33    321    105    978    129    949    517    286    550    691    482    287    939    962    913    622     43    251     78    384    295    820    626    320    880    680    587    685    152     46    366    264      5    694    557    163    681     95     89    650    934     15    799    337    121     23    864    191    697    121    544      0    306    679     83    465    593    380     25    928    294    489    103     60    358    976    808    151    958    715    878    398    409    242    762    912     69    935    415 
   541    159    545     89    749    592    519    938    184    835    218    330    298    828    185    429    927    264     61    385    977     52    650    393    371    440     40    715    230      2    244    581     91    596    948     73    464    825    325    974    311    161    195    317    798    848    124    190    833    920    457    793    306      0    152    537    968    627    195     94    120     23    518    761    605    284    413    870    644    847    619    752    661    541    800    580    232    296    358    932 
   192    400     30     14     75     74      9    125    633    181    531    366    821    678    188    536    228    657    927    610    761      9    690    763    142     49    735    643    480    604    883    747     28    759    136     32    669    464    881    496    435    512    203    534    380     41    190    377    331    794    632     59    679    152      0    224    968    965    902    513    737    748    619    790    890    550    154    166    676    372    325    105    109    872    144    639    609    635     56    871 
   839    314    821    979    729      1    429    896      1    243    660    428    902    896    706    339    683    334    584    121    641     40    827    811     67    672    608    634    493    659    927    881    380    231    358    658    274    604    638    148    885    427    576    852    392    646    117    349    987    181    570     80     83    537    224      0     93    856    909    769    306     50    712    125    520    601    446    935    479     29    759    434    794    189    268    672    156    709    891    148 
   718    460    987     29    521    427    807    419    314    430    451    485    899    462    533    152    614     38     17    989    940    303    146    209    531    879    332    769    255    947    154    101     40    853    528    166    631    154     84    246     65    793    771    770    777    880     80    733    510    832    283    991    465    968    968     93      0      7    291     63    413    450    841    800     80     65    581    575    699     96    159    658    364    628    986    579    914    858     91    598 
   117    248    607    897    258    369    245    898    951    423     36    313    447    501    473    663    297     12    627    220    828    261    694    870    371    603    930    502    702    282    660    267    246    271    662     71    246    169     17    751    848    779    541    759    825     38    338     82    795     50    997    338    593    627    965    856      7      0    883    554    751    300    255    725    217    845    853    168    578    715      6     28    420    847    338    905    884     12    222    450 
   781    999    782    196    964    698    871     44     87    249     64    491    159    202    573    337    970    425    659     65     24    908     30    584    502     63    128    286    598    403    639     75    577    880    278    538     29    704     63    916    875    127     44    214    637    224    153    177    329    359    394    192    380    195    902    909    291    883      0    377    460    650    568    765    150    542    970    314    941    142    516    414    419    525    690    593    732    970    402    281 
   790    212    115    866    349    898    231    444    618    194    520     29     32    294    634    473    312    993    676    103    270    201    431    130    153    683     51    554    642    450    599    163    873    495    702    515    503     39    209    134    922    175    554    254    515    173    952    413    391    826    626    340     25     94    513    769     63    554    377      0    157    839    148    949    559    877    685    871    234    193    303    956    692    607    852    951    701    291    335    360 
   242    320    888    569    694    326    600    131    576    452     31     95    845    461    732    254    347    228     96    967    189    465     96    684    760    624     83    185    716    277    127    256    812    207     41    569    595    713    885    564    548    337     28    607    150    423     53    618    422    788      8    399    928    120    737    306    413    751    460    157      0    815    953    644    383     42    752    615    645    323    992    197    429    415    602    492    455    736    396    708 
   533    568    927    838    343    338     59    893    393    796    442    821    521     87    308    915    648    752    579    779     96    149    565      5    629    216    781    131    145     80    738   1000    658    501     32    132    136    661    970    237    423    997    976    383    868    821    740    143    251    272     34    697    294     23    748     50    450    300    650    839    815      0    739    337     16     18    431    150    595    226    476    189    180    348    177    410    523    860    231    833 
   751    139    245    411    338     63     51     65     98     53    711    910    332    853    735    818    889    431    178    955    628    806    205    619    122      6    824    356     23    256    793    717    500    191    579    598    344     19    222    688    922    210    115    294    229    112    204    720    871    334    370    192    489    518    619    712    841    255    568    148    953    739      0     29    108    911    551    151    280    415    931    922    167    803    403    612    514    438    721    750 
   191    656    207    417    649    859    885    692    143    237    891    652    689    119    892    223     52    545     80    152     84    754    389    309    543    949    146    540    855    961    120    376    240      6   1000     69    781    647    753    432    182    151    148    256    810    641    984    202    221    366    175    566    103    761    790    125    800    725    765    949    644    337     29      0      1    175    795    443    948    473    265    609    999    271    693    523     44    178    317    552 
   400    455    397    978    927    505    370    183    320    931    907     83    805    106    181    878    560    976    830     43    679    434    458    519    765    866    768     65    609    540    909    951    712    552    445    658    647    517    386    477    613    933    460     31     80    273    362     41    925    115    800    275     60    605    890    520     80    217    150    559    383     16    108      1      0    925    766    571    421    996      3    564    971    603    141    194    704    434     10    314 
   312    562    424    485    374    234     36    741    820    595   1000    878    203    347   1000    727    572    481    539    692    176    231    343    593    184    139    975    367    825    702    817    583    802    744    880    634    602    593     14    642    446     24    767    235    972    406    251    828    272    427    416    223    358    284    550    601     65    845    542    877     42     18    911    175    925      0    729     85    734     85    992    343    441    825     79    707    431    687    365    698 
   138    683    511    658    555    401    943     74    349    601    111    820    491    560    232     63    780    999    663    154    723    125    790    822    242    514      7    578    758     16    629    136     91    368     61    105    387    936    976     91    220    936     29     31    899    101     96    386    393    803    445    291    976    413    154    446    581    853    970    685    752    431    551    795    766    729      0    915    266    895    252     38    423    240     95    982    696    579    653    346 
    20    677    108    137    572    862    978    656    243    870     64    227     51    735    865    895     62    863    836    639    192    847    712    693    269    240    575    335    244    909    859     66     43    646    800    496    408    321    799    848    950    678    519    215    496    719    103    568    853    202    543     43    808    870    166    935    575    168    314    871    615    150    151    443    571     85    915      0    795     40    752    969      9    216    528     48    367    553    415     80 
   221     37    983    224    328    304     76    121    418    112    171     25    282    869    225    368    256    284    789    802    730    975    820    809    581     69    761    321     40    656    744    103    430    271    264    811    196    990    626    406    892    504    231    553    101    112    210    120    412    790    478    114    151    644    676    479    699    578    941    234    645    595    280    948    421    734    266    795      0    905    195    487    731    743    926    725    229    144    184    593 
