
     0     88     64     48     58     12     50     51     33     96     97     79     49     75      3    100     25     83     97     19     62     87     22     27     28     30     93     31      3     28      1     87     98     14     97     74     61      4     43     21 


 1000000   8250   9985   1737   5639   7803    158   8025    684   6792   6650    274   3996   4402    590   8139   8791    713   6864   3804    916   4486    112   3117   4807   4391   1923   8928    964   7673   2580   6063   1428   1915   1434   4986   3991   8786    516    971 


     0   1005   6609   6849   4082   2216   6587   8383   2551   8474   2665   8104    186   2436   7579   6926   3191    843   2343    405   2327   9779   8551   7546    730   2936   1331   1108   6215   2351   3408   8831   5176   6989   4327    599   8288    167   3881   2226 
  1005      0   6848   9049   6723   2848   2873   4442   7837   9095   2083   2863   9529     74   2606   2686   4216   6361   1128   7239   2015   2111   3791   3421   7835   2839   4808   5355   6530   5873   4384   7765    827    292   5073   3084   3791   4611   8168   1270 
  6609   6848      0   9025   5189   9861   8188   4202   7263    932   6470   1593   5188   1834   6836   8570   9744   2211   3982   2213    785   4202   2062   4841   8647   6442   1099   5833   4893   4883    169   9782   7336   7807   2160   6974    544   2214   4618   5604 
  6849   9049   9025      0   8460   6816   3633   8513   8659   3914   2312   5371   3776   1195    536   5411   6708   1608   2285   3348    386   8341   6322    617   2983   3518   4650   1999    456    566   4720   3596   2369   8254   9169   4366   8411   7433   3977   3352 
  4082   6723   5189   8460      0   6045   9086    699    954   6070    270   3492   1311   3753   5928   2114   4763   6346   7162   7952    213   3384   1642   6246   2978   7195   1188   6623   8579   2511   3909    842   3585    114   9768   1204   2263   4026   5888   8245 
  2216   2848   9861   6816   6045      0    783   6746   2166   3322   5408   2471   5652   2388   7031   7270   1489    575    196    632   6735   7732   3880   1800   3154   1139   4924    227    227   9547   3284   7593   9541   3548    245   3924   6278    415     19   1414 
  6587   2873   8188   3633   9086    783      0   1113   3331    975    823   7154   5931   2255   3230   1410   1606   3919   8368   4164   7262   1096   9543   1448   1605   3406   9413   3375   2717   7647   8665   5671    375     74   4464   9033   4655    749   9472   2848 
  8383   4442   4202   8513    699   6746   1113      0   2421   4594   1408   6394   3710   6699   2556   2980   1292   9117   4871   1650    507   9642   6722   9790   6958   6418   4140    178   5929   7787   9402   1352   2815    606   1785   3584   6558   1989   6880   1842 
  2551   7837   7263   8659    954   2166   3331   2421      0   6794   3395   7003   2758   6983   9092   6294   3761   8251   2998   8599   7569   9587   9766   7886   3404   1732   1358    353   1508   2277   4510   9667   4046   1435   8474   1124   8949   9237   4148   2319 
  8474   9095    932   3914   6070   3322    975   4594   6794      0   1305   6552    586   6720   2445   5149   2321   7588   2815   8394   1618   2645   7113    302   5877   4150   6249    529   8940   8635   4429   5771   5555   7580   1650   5795   3621    668   4798   2250 
  2665   2083   6470   2312    270   5408    823   1408   3395   1305      0   5633   1029   5947   3561   1613   5382   9542   2361   6202   7839   7943   6001   4346   7515   3362   5972   6542   9343   1022   6316   3188   2515     53   7937   2815   2287   9100   6591   2072 
  8104   2863   1593   5371   3492   2471   7154   6394   7003   6552   5633      0   3239    388   1607   3476   3737   6449   3588   9078   9686   3258   6449    248   1166   2913   5416   8325   2817     52   8062     26   6628   1923   6588   1436   4624   2915   1217   3420 
   186   9529   5188   3776   1311   5652   5931   3710   2758    586   1029   3239      0   9489   4532   7351   4857   6301     95   2531   4406    499   7763   6929   7821    967   5153   9998   8130   6555   5765   9351   1243   6639   4966   5554   4287   7419   6352   9979 
  2436     74   1834   1195   3753   2388   2255   6699   6983   6720   5947    388   9489      0   1566   5003   7137     34    353   4845    354   4435   1858   1960   6183   2230   2078   1325    809   5015   3224    737   4674   9272    448    171   3274   5046   2405   7867 
  7579   2606   6836    536   5928   7031   3230   2556   9092   2445   3561   1607   4532   1566      0   9313   8345   1447   8620   4285   5184   9234   3868   1957   2492   1830   3337    477   4267    731   9725   3267   8823   9844   8317   8011   9344   2289   2382   3623 
  6926   2686   8570   5411   2114   7270   1410   2980   6294   5149   1613   3476   7351   5003   9313      0   9752   3035    280    954    877   6122   3872   1117   8315   3322   6464    593   6499   1710    538   4504   1447    228    973   2014   1639   7978   6518   1085 
  3191   4216   9744   6708   4763   1489   1606   1292   3761   2321   5382   3737   4857   7137   8345   9752      0   5184   5216   6299    528   1475   1488   3924   1686   3364   4809   7866   5819   5284   7251   3892   1826   6561   3118   2671   2726   8284   4044   1742 
   843   6361   2211   1608   6346    575   3919   9117   8251   7588   9542   6449   6301     34   1447   3035   5184      0   1489   3435   4850   9250   9117   1408   2345   1131   4491    632   5403   6656   3793   1336   4443   6331   5368   6789   5461    472    854   5076 
  2343   1128   3982   2285   7162    196   8368   4871   2998   2815   2361   3588     95    353   8620    280   5216   1489      0   9494   9040   2471   3393   6509   9984   1330   3267   1827   9919   7514   9744   7464   6224   6370   1260   1424   5300   3462   3703   1772 
   405   7239   2213   3348   7952    632   4164   1650   8599   8394   6202   9078   2531   4845   4285    954   6299   3435   9494      0   3491   3670   1687   4252   9676   4597    388   3300   1131    546   1587   1565    603   6438   2805   6095   4940   3022   4240   1196 
  2327   2015    785    386    213   6735   7262    507   7569   1618   7839   9686   4406    354   5184    877    528   4850   9040   3491      0   8310   5065   2574   5695   8206    933     20   6117   7096   7558   9381   2620   3005   5831   8121   2858   4207   8885    968 
  9779   2111   4202   8341   3384   7732   1096   9642   9587   2645   7943   3258    499   4435   9234   6122   1475   9250   2471   3670   8310      0   6336   9435    889   7290   1023   4509    533   3540   1402   5098   4226   9595   7134   5866   3448   3341   7934   2533 
  8551   3791   2062   6322   1642   3880   9543   6722   9766   7113   6001   6449   7763   1858   3868   3872   1488   9117   3393   1687   5065   6336      0   4861   1041   2338    303   9762   4635   1474   6886   9148   6292   9982   2043   8400     88   9504   3231   9377 
  7546   3421   4841    617   6246   1800   1448   9790   7886    302   4346    248   6929   1960   1957   1117   3924   1408   6509   4252   2574   9435   4861      0   1954    437   4096   2845   8021   3352   6275   1797   5021   9633   3412   2621   8213   8429   7564   2788 
   730   7835   8647   2983   2978   3154   1605   6958   3404   5877   7515   1166   7821   6183   2492   8315   1686   2345   9984   9676   5695    889   1041   1954      0   3273   7615   7810   2644    111   4950   2309   3996    225   4191   8249   7357    222   7436   1391 
  2936   2839   6442   3518   7195   1139   3406   6418   1732   4150   3362   2913    967   2230   1830   3322   3364   1131   1330   4597   8206   7290   2338    437   3273      0   3939   9249   3990   7338    422   5122    865   8079   6865   7340   7533   4715   4896   7038 
  1331   4808   1099   4650   1188   4924   9413   4140   1358   6249   5972   5416   5153   2078   3337   6464   4809   4491   3267    388    933   1023    303   4096   7615   3939      0   6661   2684   9776   1270   1714   2681   1122   5674    432   8547   9489   4008   9061 
  1108   5355   5833   1999   6623    227   3375    178    353    529   6542   8325   9998   1325    477    593   7866    632   1827   3300     20   4509   9762   2845   7810   9249   6661      0   1456   6165   1361   6157   1045   2311   1841   8106   6851   7128   1234   4251 
  6215   6530   4893    456   8579    227   2717   5929   1508   8940   9343   2817   8130    809   4267   6499   5819   5403   9919   1131   6117    533   4635   8021   2644   3990   2684   1456      0   5605   2060    673   7451   7113    475   8880   3501   8300   7930   9646 
  2351   5873   4883    566   2511   9547   7647   7787   2277   8635   1022     52   6555   5015    731   1710   5284   6656   7514    546   7096   3540   1474   3352    111   7338   9776   6165   5605      0   6021   9851    773   5940   3929   4823   6241   7330   1480   1545 
  3408   4384    169   4720   3909   3284   8665   9402   4510   4429   6316   8062   5765   3224   9725    538   7251   3793   9744   1587   7558   1402   6886   6275   4950    422   1270   1361   2060   6021      0   4816   1641   6922   8646   5429   6297   8058   5428   1946 
  8831   7765   9782   3596    842   7593   5671   1352   9667   5771   3188     26   9351    737   3267   4504   3892   1336   7464   1565   9381   5098   9148   1797   2309   5122   1714   6157    673   9851   4816      0   3661   5216    509    447    277   9314   6419   6372 
  5176    827   7336   2369   3585   9541    375   2815   4046   5555   2515   6628   1243   4674   8823   1447   1826   4443   6224    603   2620   4226   6292   5021   3996    865   2681   1045   7451    773   1641   3661      0   2020   2285   3077   2553   1387   9695   1665 
  6989    292   7807   8254    114   3548     74    606   1435   7580     53   1923   6639   9272   9844    228   6561   6331   6370   6438   3005   9595   9982   9633    225   8079   1122   2311   7113   5940   6922   5216   2020      0   9525   9206   3912   9690   3605   2709 
  4327   5073   2160   9169   9768    245   4464   1785   8474   1650   7937   6588   4966    448   8317    973   3118   5368   1260   2805   5831   7134   2043   3412   4191   6865   5674   1841    475   3929   8646    509   2285   9525      0   9953   1963   2886   9485   2380 
   599   3084   6974   4366   1204   3924   9033   3584   1124   5795   2815   1436   5554    171   8011   2014   2671   6789   1424   6095   8121   5866   8400   2621   8249   7340    432   8106   8880   4823   5429    447   3077   9206   9953      0    605   8501   9248   9660 
  8288   3791    544   8411   2263   6278   4655   6558   8949   3621   2287   4624   4287   3274   9344   1639   2726   5461   5300   4940   2858   3448     88   8213   7357   7533   8547   6851   3501   6241   6297    277   2553   3912   1963    605      0   4964   8981   8923 
   167   4611   2214   7433   4026    415    749   1989   9237    668   9100   2915   7419   5046   2289   7978   8284    472   3462   3022   4207   3341   9504   8429    222   4715   9489   7128   8300   7330   8058   9314   1387   9690   2886   8501   4964      0   3463   2705 
  3881   8168   4618   3977   5888     19   9472   6880   4148   4798   6591   1217   6352   2405   2382   6518   4044    854   3703   4240   8885   7934   3231   7564   7436   4896   4008   1234   7930   1480   5428   6419   9695   3605   9485   9248   8981   3463      0   7666 
  2226   1270   5604   3352   8245   1414   2848   1842   2319   2250   2072   3420   9979   7867   3623   1085   1742   5076   1772   1196    968   2533   9377   2788   1391   7038   9061   4251   9646   1545   1946   6372   1665   2709   2380   9660   8923   2705   7666      0 
