
     0     21     50     92     14     69     96     33     31      5     44     33     14     34     54     44     12     14     61     90     53     38     79     49     10     34      6     81     60     87     10     10     58     62     22     63     71     56     77     71     12     14     10     96     86     50     13     16     18     34     60     79     11     62     67      8     98     78    100     61 


 1000000   1442   3471   1767    963   9287   8802     93   2049   9181   2672   2472   3273   8936   7331   8632   7132   9070   5462   4744   5723   8884   2019   4515   5587   8404   6959   1381   7116   8466   1364   3574    623   8000   4222    595   6342    175    666   5391   1256   9240   6156    569   9204   1402   1440   5102    125   1589   7507   2353   4887   7735   1698   5065   4769    599   5267   1547 


     0   1424   5990    414   3321   9487   5413   2517   2196   9925   3964   2045    474   2340   4833   3095   1127   5863   9022   7548   5493   2766   8095   1061   6371   4216   9582   5977   6962   1360   8318   9308   8916   4698   7318   5237   7607   2783   1919   6304   5935    264   4801   4405   3090    327   9897   7465   8329   5404   9166   8451    197   1174   8342    449   8943   5608   3491   7052 
  1424      0   3811   9598   3442   7497   1694    463   7574   7506   3302   2117    816   7844   4586    859   5811   6202    459   3974   3623   4857   3193   5191   6171   6957   4066   5696   5167     35   7399   3684   2417   6216    496   5620   9047   1106    306     23   7885   1277   6479   7417   2720   2521   4861   6631   4827   4754   7882   1881   3697   7904   3104   1729   3611   2688   3444    499 
  5990   3811      0   6211   7042   8836   1109   1329   1668   8976   4809   4532   6526   2297   6777   8116   3439   3752   9858   9527   3864   3169   5219   1185   4679   1209   8983   5696   2918   1300   9777   7639   2565   5219   2696   1466   9606   3437   3267   6699   7207   8988   7190   8883   5525   7674   6845   6867    942   7820   6952   3788   5687   4542   8056    189   3424   2367   4857   2012 
   414   9598   6211      0   3732   6255   2352   2071   6341   2360   2966   3276   3382   9386   7637   5430   2235   1883    195   3434   2927   7837   5676   7010   4644   9152   6389   3176   7183   2010    366   4182   9572   8293   2022   1229   2320    601   9029    531   4902   8378   3238   1873    476   9028   1652   4236   6215   8485    359    178   8932   9418   1438   1849   4391   1534   7726    484 
  3321   3442   7042   3732      0   7833   7231     92   8710   9005   7538   4871   3210   5412   3896   2105   9842    898   7329   9008   2608   3903   6098   4840   5795   1443   1234   2698   6227   1260   7674   8858   4495   6705   2061    702    853    795   4324   4506    819   7666   3662   2436   4012   8950   5398   3204   8334   3648   6582   8715    418   4200   9564   6680   8756   3047   5883   3030 
  9487   7497   8836   6255   7833      0   2741   4079    324    921   1261   5401   1141   2458   7318   2911   1569   9138   9062   5403   6305   3924   9276   2560   8523   2205   3069   4231   9584   2671   3663   5581   2555   3212   8807   7291    423   8416   9839   5237   9249   8867   2731   4358   6959   6477   5262   5772   4175   7770   5190   6592   2884    415   6992   5081   6381   7245   2616   4865 
  5413   1694   1109   2352   7231   2741      0   2024   8598   7519   4247   5126   4269   7603   4967   4462   2259   1691   7334   8791   3263   2689   8594   3778   1949   2420    185   7045    746    765   1209   6894   3166   3040    104   9014    251   7047   7829   3972   1621   7818     78   1493   2403   2770   5235   5385   2597   3119   9418   1921   7397   9191    420   9174   9938   4417    640   2012 
  2517    463   1329   2071     92   4079   2024      0   1131    545   7598   5143   2537   1190   4903    621   1408   9633   1003   7742   1511   7208   4939   1105   2261   6202   7319   3887   3182   1300   4218   6836   1118   1796    516   5732   1686   4765   3608   5066   4084    796   8631   9448   1831   2024   3197   5099   1923    688   9563   4493   2674   1760   9908   9264   8444   1300   6043   1209 
  2196   7574   1668   6341   8710    324   8598   1131      0   1335   8530   9212   3130   9762   6034   6858   4882   4766   3792   9241   4665   1950   6516   8317   3240   3457   6783   7922   3271   2333   3722   9821   3162   6926   7131   9746   2045   2111   7432   9063   7437     88   9456   8330   2858   2456   6167   8558   1371   2468   5249   2443   7889   1937   1441    726   4959   5534   9059   6766 
  9925   7506   8976   2360   9005    921   7519    545   1335      0   5657    358   6520    921   5996    724   4097   1198   8605   2679   2702   9636   4901   4344   6616   1946   2236   2121   3500   2024   4948   2720   6937   4566   9816   1204    813   2763   1894   5287   7564   5561   4169   5813   5602   6535   1323   3468   8554    223   6106   6123   6718   1080   4776   3648   4896   5190   1641   9932 
  3964   3302   4809   2966   7538   1261   4247   7598   8530   5657      0   9769   6496   4215   2554   2849    642   4152   6240   8607   9701   3572   1812   6130   7659    416   4002   6223   7007   5248   8125   4285   9228   3099   3908    591   9549   8783   7719   9841   1333   6679   5322    981   2351   5547   1945   3791   3223   4297   6252    302   1338   1137   2684    940     93   8469   1255   2377 
  2045   2117   4532   3276   4871   5401   5126   5143   9212    358   9769      0   4441   4417   3376   4660   9839    600   8522   1402   9561   9185   8150   1043   1166   4353   1515   1881   1723   4169   2741   8459   3006   3345   9777    115   5844   3510   9048   1603   9109   1025   7689   2326   2078   4328   9772    933    127   8250   6244    503   5702   4326   3940   4285   6395   5820   2758   8718 
   474    816   6526   3382   3210   1141   4269   2537   3130   6520   6496   4441      0   3421   7544   4199   7903   5437   8554   8070    998   9754   2921   2223   6240    172   6010   1683   7535   3220   5485   2506   6713   2916    920   1611   2446   5386    327   1498   2169   6243    242   4323   6474    782   1984   2983   1057   5181   6875   1716   7406   6899   4917   3705   4696   5195   9978   2635 
  2340   7844   2297   9386   5412   2458   7603   1190   9762    921   4215   4417   3421      0   3740   6773   7239   9713   3496   1942    411   5718   8823   1631   9386   1872   2413    846   9866   2508   6102   2740   7113    396   1979    583   9421   4019   9765   1177   5583   6864    870    840   1945   3737   5413   8935   3950   5866   2361    156   7145   9614   7193   7516   1482   7981    626   2324 
  4833   4586   6777   7637   3896   7318   4967   4903   6034   5996   2554   3376   7544   3740      0   7709   4630   5593   1065    332   2383   1539   1969   6999   4842      1    387   1553   9706   6545   1916   7853   6438   5761   7044   8826   8380   7814   8033   6780   6442   3853   4489   2668   5689   4768   2013   5410   6268   8909    355   2352   2295   6802   8885   4577   5074   4315   9625   5538 
  3095    859   8116   5430   2105   2911   4462    621   6858    724   2849   4660   4199   6773   7709      0   7647   5856   7984   3344   3210   9498   8498   5620   6545   8405   1418   1899   4835   3835   4062   2314   5502    687   2161   1537   6787   3208    812   9965   8125   1647   4554   9587   1090   2107   4051    795   3512   3596   7819   2682   7548   7302   3531   5859   9822   6111    912   9247 
  1127   5811   3439   2235   9842   1569   2259   1408   4882   4097    642   9839   7903   7239   4630   7647      0   7217   9211    579   4795   9793   6582   2536   9890   6582   8227   8235   4972   8040   7844   6951    854   8595   7049   9961   8354   7533   4141   9412   8129   6740   4126   7974   7151   9549   2492   9099   2495   1499   2485   6752   3335   8349   3007   9354   2894   4299   4134   5720 
  5863   6202   3752   1883    898   9138   1691   9633   4766   1198   4152    600   5437   9713   5593   5856   7217      0   8020   9313   6743   7734   9665   6012   6013   8179    865   9045   9755   1669    575   6332    890   7723    417   4470   4228   2243   5011   9386    432   2589   4471   1128   1168   2512   2668   2378   2600   4730   7533   2160   3121    542   8700   5558   5678   3433   5984    328 
  9022    459   9858    195   7329   9062   7334   1003   3792   8605   6240   8522   8554   3496   1065   7984   9211   8020      0   9517   1013   3371    122     17   7042   4352    736   5886   5825   7092   9141   8566    930   9746   7194   1858   9424   1028   1516   6803   6795   8016   5900   1338   9927   3104   3241   3157   4979   4677   5536   8701   4780   4030   1238   5437   7491   6500   6372   4388 
  7548   3974   9527   3434   9008   5403   8791   7742   9241   2679   8607   1402   8070   1942    332   3344    579   9313   9517      0   4539   3193   1749   3901   5751   6784   5788    989   2883   6719   8969   8653   9042   4516     29    874    729   4948   3324   9834    441   1226   8995   2161   5058   9759   2761   7044   1766   9414   2346   9004   9530    234   1985   2190   1093   9290   3558   2360 
  5493   3623   3864   2927   2608   6305   3263   1511   4665   2702   9701   9561    998    411   2383   3210   4795   6743   1013   4539      0   5970   9876   7480   6031   1431   9857   1453    792   5932   7697   1095   5829    276   3223   1369   4338    383   1926   7098   6239   4323   1724   5961   9663   3927   6527   8418   7920   8290   5975   9023   9357   5444   3099   8050   6625   6755   8479   8945 
  2766   4857   3169   7837   3903   3924   2689   7208   1950   9636   3572   9185   9754   5718   1539   9498   9793   7734   3371   3193   5970      0   9118   3272   7277   2867   2766   5002   6034   4571    328   5739   8827   4914   3158   9058   2609    233   5876   4537   2849   5103   1549   9815   1631   8112   6018   7280   5917   1006   5787   3404   7063   1460   2386   4165   3778   8744   5468   3509 
  8095   3193   5219   5676   6098   9276   8594   4939   6516   4901   1812   8150   2921   8823   1969   8498   6582   9665    122   1749   9876   9118      0   1109   1312   3114   5326   1223   7897   2208   6091   7322   7284   5045   2919   1367   2657   3339   8205   4363   4160   8736   3904   4785   4933   5909   9835   1136   7052    557   2011   2519   4318   8569   4747   3207     17   2498   2560   1265 
  1061   5191   1185   7010   4840   2560   3778   1105   8317   4344   6130   1043   2223   1631   6999   5620   2536   6012     17   3901   7480   3272   1109      0   8758   8231   4982   6129   9407   6920   4315   6714   9952   6755   8826   2818   2376   3487   6955   3087   1135   5350    104   4003   6721   5943   9426   1909   8971   7131    502   7633   8214   6166     74   3570   8466   5873   4284   8141 
  6371   6171   4679   4644   5795   8523   1949   2261   3240   6616   7659   1166   6240   9386   4842   6545   9890   6013   7042   5751   6031   7277   1312   8758      0    773   3607   3180   7680   6883   1229   5416   8956    911   2438     56   8368   5779   9511   3868   7815   3340   8743   2707   8355   3114    491   8156   7466   9142   6927   6946   4144   4548   2983   9219   3015   2955    632   3186 
  4216   6957   1209   9152   1443   2205   2420   6202   3457   1946    416   4353    172   1872      1   8405   6582   8179   4352   6784   1431   2867   3114   8231    773      0   9987   1603   3233   9006   2514   9790   9039   7745    635   4985   1456   8077   6964   9957   8743   2900   5193    945   9488    695   1866   9610   2709   1473   8693     21   8913   6773    949   7708    339   7221   1819   8823 
  9582   4066   8983   6389   1234   3069    185   7319   6783   2236   4002   1515   6010   2413    387   1418   8227    865    736   5788   9857   2766   5326   4982   3607   9987      0   5207   6227   2074    909   2928   2077   6824   8667   4057   8053    226   1491   6381   1966   4384   2152   8164   8398   8842   2137   3792   8400   2617   1693   1751   7832   2689   8654    194   1853   9982   8744   8326 
  5977   5696   5696   3176   2698   4231   7045   3887   7922   2121   6223   1881   1683    846   1553   1899   8235   9045   5886    989   1453   5002   1223   6129   3180   1603   5207      0   9313   1231   9107    562   8788   2495    526   3386   1946   5850   7503   8914   6618   5886    216   4829   9913   3104   1116   8343   7221   8242    163   1088   5046   7827   1289   8315   1170   6518   8125   8039 
  6962   5167   2918   7183   6227   9584    746   3182   3271   3500   7007   1723   7535   9866   9706   4835   4972   9755   5825   2883    792   6034   7897   9407   7680   3233   6227   9313      0   7791   5190   1096   3517     62   1209   2525   2554    742    931    496   4254   7246   1054   9641   9300   3951   9286   5579   6883   1114   6522   5983   8022   7733    961   6822   9640   7404   4859   9215 
  1360     35   1300   2010   1260   2671    765   1300   2333   2024   5248   4169   3220   2508   6545   3835   8040   1669   7092   6719   5932   4571   2208   6920   6883   9006   2074   1231   7791      0   5763   5093   1401   3766   6793   2835   7917   7645   7874   1023   8645   9311   5432   8996   5397   5954   7361   7594   8724   1965   7820   9701   9177   4570   6847   6975   5541   5565   6991   7539 
  8318   7399   9777    366   7674   3663   1209   4218   3722   4948   8125   2741   5485   6102   1916   4062   7844    575   9141   8969   7697    328   6091   4315   1229   2514    909   9107   5190   5763      0   8131   8054   1647   6411   6159    338   9437   2187   7268   2665   4394   3903   7177   8499   7834    691   9661   2940   3532   7985   1601   6890   9146   4592   3781   4060   6132   4987   7255 
  9308   3684   7639   4182   8858   5581   6894   6836   9821   2720   4285   8459   2506   2740   7853   2314   6951   6332   8566   8653   1095   5739   7322   6714   5416   9790   2928    562   1096   5093   8131      0   2469   3849   7775   9160   1705    118   8073   3536   2519   1155   3487   8068   9847   4202   7165   8022   1717   9194   7603   5981    943   6605   2332   6949   6075   6741   6610    376 
  8916   2417   2565   9572   4495   2555   3166   1118   3162   6937   9228   3006   6713   7113   6438   5502    854    890    930   9042   5829   8827   7284   9952   8956   9039   2077   8788   3517   1401   8054   2469      0   6380   5949   4049   6173   8199   7741   7992   9393   5488   8799   9239   6453   1115   1233   3013   8824   5247   2586    353   8756   2797   7905   9755   3421   5793   4107   6212 
  4698   6216   5219   8293   6705   3212   3040   1796   6926   4566   3099   3345   2916    396   5761    687   8595   7723   9746   4516    276   4914   5045   6755    911   7745   6824   2495     62   3766   1647   3849   6380      0    504   5416   1605    259   8697   1715   9569   2041   4609   4218   9621     55   8279   1285   9585   9133     69   1574   2384   9030   4965   1482   3570   6915   7500   7442 
  7318    496   2696   2022   2061   8807    104    516   7131   9816   3908   9777    920   1979   7044   2161   7049    417   7194     29   3223   3158   2919   8826   2438    635   8667    526   1209   6793   6411   7775   5949    504      0   1943    853   3510   7117   6767    799   7923   2680   7089   2027   7105   1272   7306   4138   3723   3239   7255   2274   6657   6461   3109   9811   1160   6753   1368 
  5237   5620   1466   1229    702   7291   9014   5732   9746   1204    591    115   1611    583   8826   1537   9961   4470   1858    874   1369   9058   1367   2818     56   4985   4057   3386   2525   2835   6159   9160   4049   5416   1943      0   3483   6085   1120    985   2059    149   8765   4404   3816   9167   2793   5121   1798   1565   8580   4434    386   1959   2820   5438   9423   5217   4310   1836 
  7607   9047   9606   2320    853    423    251   1686   2045    813   9549   5844   2446   9421   8380   6787   8354   4228   9424    729   4338   2609   2657   2376   8368   1456   8053   1946   2554   7917    338   1705   6173   1605    853   3483      0   4947   2295   9411   1507   4466   1511   6916   1136   3066   7007   6056   6328   7665   1447     53   9039   3548   3008   4494    137   8817   2638    163 
  2783   1106   3437    601    795   8416   7047   4765   2111   2763   8783   3510   5386   4019   7814   3208   7533   2243   1028   4948    383    233   3339   3487   5779   8077    226   5850    742   7645   9437    118   8199    259   3510   6085   4947      0   4464   1952   5475   9615   8982   1501   8573   3886   4140   2048   9890   5085   5651    816   1753   9734   8690   8157   8411   6443   5367   7373 
  1919    306   3267   9029   4324   9839   7829   3608   7432   1894   7719   9048    327   9765   8033    812   4141   5011   1516   3324   1926   5876   8205   6955   9511   6964   1491   7503    931   7874   2187   8073   7741   8697   7117   1120   2295   4464      0   3914    931   6418   5865   4578   4915   2591   8761   8431    190   1427   3629   5101   5936   4458   9581   9350   5831     63   6771   6600 
  6304     23   6699    531   4506   5237   3972   5066   9063   5287   9841   1603   1498   1177   6780   9965   9412   9386   6803   9834   7098   4537   4363   3087   3868   9957   6381   8914    496   1023   7268   3536   7992   1715   6767    985   9411   1952   3914      0   3923   9612   2182   7526   1984   8916   8346   6210   3456   5374   3191   6151   9502   4995   1335    348   5009   8154   8596   1239 
  5935   7885   7207   4902    819   9249   1621   4084   7437   7564   1333   9109   2169   5583   6442   8125   8129    432   6795    441   6239   2849   4160   1135   7815   8743   1966   6618   4254   8645   2665   2519   9393   9569    799   2059   1507   5475    931   3923      0   3293   3619    465   5214   9856   7121   8471   6421   1418    621   4290   8211   7390   7272    253   3319   6153   7359   5211 
   264   1277   8988   8378   7666   8867   7818    796     88   5561   6679   1025   6243   6864   3853   1647   6740   2589   8016   1226   4323   5103   8736   5350   3340   2900   4384   5886   7246   9311   4394   1155   5488   2041   7923    149   4466   9615   6418   9612   3293      0   3242   9296   2356   2727   1765   7439   8347   9743   3718   2287   7843   9196   2206   5975   2759   5028   1581   7702 
  4801   6479   7190   3238   3662   2731     78   8631   9456   4169   5322   7689    242    870   4489   4554   4126   4471   5900   8995   1724   1549   3904    104   8743   5193   2152    216   1054   5432   3903   3487   8799   4609   2680   8765   1511   8982   5865   2182   3619   3242      0    965   3043   9201   3791   9181   8999   5739    742   8477   6779   1395   1066   6379   4007   6510   4419   1059 
  4405   7417   8883   1873   2436   4358   1493   9448   8330   5813    981   2326   4323    840   2668   9587   7974   1128   1338   2161   5961   9815   4785   4003   2707    945   8164   4829   9641   8996   7177   8068   9239   4218   7089   4404   6916   1501   4578   7526    465   9296    965      0   3654   8749   2125   5170   4551    553   4214   3106   5959   4716   4916    152    798   5203   9595   4252 
  3090   2720   5525    476   4012   6959   2403   1831   2858   5602   2351   2078   6474   1945   5689   1090   7151   1168   9927   5058   9663   1631   4933   6721   8355   9488   8398   9913   9300   5397   8499   9847   6453   9621   2027   3816   1136   8573   4915   1984   5214   2356   3043   3654      0   9306   7650   6269   9768   3433   1591    258   6276   3578     98   8490   6223   1974   9939   3072 
   327   2521   7674   9028   8950   6477   2770   2024   2456   6535   5547   4328    782   3737   4768   2107   9549   2512   3104   9759   3927   8112   5909   5943   3114    695   8842   3104   3951   5954   7834   4202   1115     55   7105   9167   3066   3886   2591   8916   9856   2727   9201   8749   9306      0   7729   9242   1798     49   9279   1208   2572    349   9663   9887   9306   4206   2222   3240 
  9897   4861   6845   1652   5398   5262   5235   3197   6167   1323   1945   9772   1984   5413   2013   4051   2492   2668   3241   2761   6527   6018   9835   9426    491   1866   2137   1116   9286   7361    691   7165   1233   8279   1272   2793   7007   4140   8761   8346   7121   1765   3791   2125   7650   7729      0   5702   1142   1215   5026   7808   4045   3222   3184   7871    475   6293    833   5548 
  7465   6631   6867   4236   3204   5772   5385   5099   8558   3468   3791    933   2983   8935   5410    795   9099   2378   3157   7044   8418   7280   1136   1909   8156   9610   3792   8343   5579   7594   9661   8022   3013   1285   7306   5121   6056   2048   8431   6210   8471   7439   9181   5170   6269   9242   5702      0   2066   5029     31   4387   3296   4583   2828   2760    643   4076   8842   9495 
  8329   4827    942   6215   8334   4175   2597   1923   1371   8554   3223    127   1057   3950   6268   3512   2495   2600   4979   1766   7920   5917   7052   8971   7466   2709   8400   7221   6883   8724   2940   1717   8824   9585   4138   1798   6328   9890    190   3456   6421   8347   8999   4551   9768   1798   1142   2066      0   8509   6434   7579   3215   2570   3281   4264   7936   7280   2054   1876 
  5404   4754   7820   8485   3648   7770   3119    688   2468    223   4297   8250   5181   5866   8909   3596   1499   4730   4677   9414   8290   1006    557   7131   9142   1473   2617   8242   1114   1965   3532   9194   5247   9133   3723   1565   7665   5085   1427   5374   1418   9743   5739    553   3433     49   1215   5029   8509      0   6260   2486   3807   1988   6379   6952   1815   1559   7178     74 
  9166   7882   6952    359   6582   5190   9418   9563   5249   6106   6252   6244   6875   2361    355   7819   2485   7533   5536   2346   5975   5787   2011    502   6927   8693   1693    163   6522   7820   7985   7603   2586     69   3239   8580   1447   5651   3629   3191    621   3718    742   4214   1591   9279   5026     31   6434   6260      0   7747   6620   5941   1386   5341   3349   2955   9674   6383 
  8451   1881   3788    178   8715   6592   1921   4493   2443   6123    302    503   1716    156   2352   2682   6752   2160   8701   9004   9023   3404   2519   7633   6946     21   1751   1088   5983   9701   1601   5981    353   1574   7255   4434     53    816   5101   6151   4290   2287   8477   3106    258   1208   7808   4387   7579   2486   7747      0   1334   2434   4766   2147   8466   5300    611   9993 
   197   3697   5687   8932    418   2884   7397   2674   7889   6718   1338   5702   7406   7145   2295   7548   3335   3121   4780   9530   9357   7063   4318   8214   4144   8913   7832   5046   8022   9177   6890    943   8756   2384   2274    386   9039   1753   5936   9502   8211   7843   6779   5959   6276   2572   4045   3296   3215   3807   6620   1334      0    536   5385   8432   6777   8825   7365   1601 
  1174   7904   4542   9418   4200    415   9191   1760   1937   1080   1137   4326   6899   9614   6802   7302   8349    542   4030    234   5444   1460   8569   6166   4548   6773   2689   7827   7733   4570   9146   6605   2797   9030   6657   1959   3548   9734   4458   4995   7390   9196   1395   4716   3578    349   3222   4583   2570   1988   5941   2434    536      0   2603   2797    308   9042    404   8838 
  8342   3104   8056   1438   9564   6992    420   9908   1441   4776   2684   3940   4917   7193   8885   3531   3007   8700   1238   1985   3099   2386   4747     74   2983    949   8654   1289    961   6847   4592   2332   7905   4965   6461   2820   3008   8690   9581   1335   7272   2206   1066   4916     98   9663   3184   2828   3281   6379   1386   4766   5385   2603      0    499   6505   2754   8324   3778 
   449   1729    189   1849   6680   5081   9174   9264    726   3648    940   4285   3705   7516   4577   5859   9354   5558   5437   2190   8050   4165   3207   3570   9219   7708    194   8315   6822   6975   3781   6949   9755   1482   3109   5438   4494   8157   9350    348    253   5975   6379    152   8490   9887   7871   2760   4264   6952   5341   2147   8432   2797    499      0   9126   5226   5340   5320 
  8943   3611   3424   4391   8756   6381   9938   8444   4959   4896     93   6395   4696   1482   5074   9822   2894   5678   7491   1093   6625   3778     17   8466   3015    339   1853   1170   9640   5541   4060   6075   3421   3570   9811   9423    137   8411   5831   5009   3319   2759   4007    798   6223   9306    475    643   7936   1815   3349   8466   6777    308   6505   9126      0   8623   9841   9010 
  5608   2688   2367   1534   3047   7245   4417   1300   5534   5190   8469   5820   5195   7981   4315   6111   4299   3433   6500   9290   6755   8744   2498   5873   2955   7221   9982   6518   7404   5565   6132   6741   5793   6915   1160   5217   8817   6443     63   8154   6153   5028   6510   5203   1974   4206   6293   4076   7280   1559   2955   5300   8825   9042   2754   5226   8623      0   9430   3447 
  3491   3444   4857   7726   5883   2616    640   6043   9059   1641   1255   2758   9978    626   9625    912   4134   5984   6372   3558   8479   5468   2560   4284    632   1819   8744   8125   4859   6991   4987   6610   4107   7500   6753   4310   2638   5367   6771   8596   7359   1581   4419   9595   9939   2222    833   8842   2054   7178   9674    611   7365    404   8324   5340   9841   9430      0   3193 
  7052    499   2012    484   3030   4865   2012   1209   6766   9932   2377   8718   2635   2324   5538   9247   5720    328   4388   2360   8945   3509   1265   8141   3186   8823   8326   8039   9215   7539   7255    376   6212   7442   1368   1836    163   7373   6600   1239   5211   7702   1059   4252   3072   3240   5548   9495   1876     74   6383   9993   1601   8838   3778   5320   9010   3447   3193      0 
