
     0     21     48     17     19     11     12     14     48     52     99      4     60     10     84     76     41      4     25     49 


 1000000   8018   5857   2879   9353   8445   5039   1895   5001    712   3408    548   6945    623   1685   2993   6706   1064   1239    563 


     0   2564   7379   8200   4176   8451   5183   2944   2579   2773   6079     99   7240   9801   8839   1544   1743   3278   9498   6913 
  2564      0   3039   5764   3698   9859   1878   7862   8252   4084   3495   5238   3016   1834   7823   4954   5343   9474   2680   6071 
  7379   3039      0   5461   3487   7314   1132   3345   1509   3582   7953   4346   6198   9580   5553   6309   3787   4503   4100   8812 
  8200   5764   5461      0   1109    175   6112    672   3109    184   7250   2322   5082   6065    376   5358   2282   9159   4626   9273 
  4176   3698   3487   1109      0   1587    347   4393   5341   4643   8608    430   1682   6549   1065   9047   1007   6750   6066   2839 
  8451   9859   7314    175   1587      0   8448   8503   8590   7068   8842   1101   6306   4238    237   6023   5391    341   3449   4246 
  5183   1878   1132   6112    347   8448      0   2933   1322   5236   4370   1606   7874    266   1539    695   9687   5622   1118   4702 
  2944   7862   3345    672   4393   8503   2933      0   1929   7472   4065    809   2116   8120   5458   1547   9090   4129   4355    381 
  2579   8252   1509   3109   5341   8590   1322   1929      0    738   7585    313   3490   2441   8583   2575   2538   4762   2990   6005 
  2773   4084   3582    184   4643   7068   5236   7472    738      0   1083   7441   8193   9358   2972   8501   4735   1625    132   1214 
  6079   3495   7953   7250   8608   8842   4370   4065   7585   1083      0   4225   4654   9954   7299   1593   1356   4606   5544   3614 
    99   5238   4346   2322    430   1101   1606    809    313   7441   4225      0    897   7377   4375   7909   1274   3648   7581   4369 
  7240   3016   6198   5082   1682   6306   7874   2116   3490   8193   4654    897      0   2365   5726   8775    430   6628   4370   5037 
  9801   1834   9580   6065   6549   4238    266   8120   2441   9358   9954   7377   2365      0   9370   4844   7782    415   5845   4061 
  8839   7823   5553    376   1065    237   1539   5458   8583   2972   7299   4375   5726   9370      0   4289   6158   2730   2555   2247 
  1544   4954   6309   5358   9047   6023    695   1547   2575   8501   1593   7909   8775   4844   4289      0   2381   6430   7085   6160 
  1743   5343   3787   2282   1007   5391   9687   9090   2538   4735   1356   1274    430   7782   6158   2381      0   4184   7944   7261 
  3278   9474   4503   9159   6750    341   5622   4129   4762   1625   4606   3648   6628    415   2730   6430   4184      0   1478    772 
  9498   2680   4100   4626   6066   3449   1118   4355   2990    132   5544   7581   4370   5845   2555   7085   7944   1478      0   8546 
  6913   6071   8812   9273   2839   4246   4702    381   6005   1214   3614   4369   5037   4061   2247   6160   7261    772   8546      0 
