
     0     20     83     17     16     75     54     34     97     24     59     12     46     43     73     54     26     20    100     12      2     89     40     67     43     25     33     59     15     76     85     91     79     13     29     28    100     60     96     45     13     12     95      8     70     16     51     21     24     42     97     36     72     27      6     51     63     20     88     12     92     66     33     54     71     14     16     29     12      7     87      5     24     34      6      1     49     29     99     22     57     48      6      3      4     76     78     10     77     25      8     71     21     87     61     17      5     17     20     56     88     16     71     57     91     59     52     43     38     69     40     95     92     53     91     91     32     58      5     34     85     49      7     23     12     41     90     24     75     14     20     84     80     30     55      6     79     32     71     27     26     94     35     21     80      7     35     55     76     36     44     41     13     58     15      7      8     70     93     63     60     55     31     94     54     43      3     43     81     17     44     98     13     85     83     23     28     61     22     30     26     54     19     93      2     28     10    100      4     40     37     38     40     52      7     21     46     36     16      2 


 1000000    711    248    996     44     20    375    355      7    145    310    382    200    561    118     93    698     86    354    262    413    263    590    446    562     45    204    833    478    323    139    789    761    998    744    130    223    323    461    134    246    321    364     73    353    444    922    595     77     16    667     77    410    713    776    492    232    359    846    807    551    253    243    132    749    991    441    331    488     74    276    176     77    443     23    632     86    483     72    133    869    221    940    815    408     72    699    485     41     87    719     97    293    396    832    507    664     21    733    107    604    510    303    319    674    712    146    485    247     12     45    631    917    505    679    939    236    121    521    678    238    154    708    106    805    440    314     63    895    258    238    876    572    234    380     62    914    612    373    907    193    455    905    287     47    847    169     99    790    564    371    257    498    602    756    872    426    824    514    324    872    323    736     76    182     49    207    451    718    187    947    805     70    712    683    126    403    342    131    240    752     25    520    404     95    202    860    727    555    631    396    641    454    227    785    605    905    955    899    186 


     0   4726   5803   2462   3551   8041   9564   8151   3155   1860   6140   2669   1392   9597   1143   3747   8931   5938   3494   8889   1510   7317   3776   9450   3504   1528     52    436   1804   5493   2021   1112    776   3296    311    978   3903   2864   1497   5129   8583   3225   2707   5081    143   4319    866   1392   3668   2775   7665   1399   6515   6287   3626   2242   3491   8288   6349   9722   3987   3857   1680   1466   1090   4734   9672   3431   6254   8825    230    820   6783   3154   6309    278   8180   7778   2931   4452   5053   9820   1597   7490   1739   5559   9440   5311   3381   8038   9901   7980   9884   8777   9836   3294   2849   2105   9381    871   8981   3006   7595   6016   5169   6228    409   1435   2567   1710   6657   7287    408   2218   2994   9811   4743   6103   5369   3928    510   3826   1068   3601   6591   5032   1746   3517    750   4328    423   2008    524   3031     63   2165   2071   2889   3960   4927    432   1164   1540   3841   9036   6504   4423   6979    383   2198   8510    182   9734     93   8465   9250   1268    707   8378   6944   3167   3859    341    899   4923   2602   1514    299   2263   1576   8009   6939   8967   4500   4486   4249   9457   4446   8404   9111   6347   1436   2294   1281   1285   8206   8964   6328   1139   8900   2571   5196   5998   6242   4936   3727   6283   7665   6005   6569 
  4726      0   8043   2121   3557   6855    964   5084   4268   5465   6639   9205   8483   5066   8692   1953    330   2321   8451   1998   3230   7736    100   1554   9037    556   6049   9486   1031   2022   4306   5780   6696   9480   2617   6821   5395   5563   4815    670   9841   2327   1998    868   7529   7970   3536   2430    866    750   9896   3924   5719   9581   8271   1158   5433    423   4882   1294   6475   4974   4298   2281   9690   8192   8411   6594   4876   5454   1744   1249   9259   9260   1703   9219   1137   1385   7065   7627   2325   1903   4572   1672   6374   5005   2445   3511   1287   7316   4968   6299    140   8817   1625   8586   7428   1449   2600   4827   6071   2122   3040    126    754   4111   2832    971   8689   1445   6597     78   5003    701   9576   9858   1700   3122   6708   4957   3534   3340    762   7755   1921   8517   7257   3886   8062   3115    503   7365   2382    965   8357   9451   5503   1546   7218   6995    593   1951   9518   5633   3838   5488   6754   1723    920   7314   7981   2384   3751   8487   1474   9688   2739   5010   2224    686   1615   7709   2194   5914   7158   5048   7416   9154   5482   1347    374   3395   1050    974    507   8987   3939   5888   4403   2970   5355   1398   1553   8761    922   7869   1687   9210   1769    738   8696   4801   9983   3800   9728   7409   5849     11   2770   6939 
  5803   8043      0   3914   6724   2562   2132   6980   5324   8147   7077   2293    485     36   1767   6276   6230   2774   4831   8670   1718   9041   4199   7516   2411    600   5359    775   6149   3305   2947   9391   1925   2569   2125   7592   7699   2191    396   4630   8847   8320   5686   3290   1910   7611   7675   4284   4169   2598    186   5259   5385   3784   8393   1203   2711   5768   9264   7935   6329    645    551   9743   1136    567   6272   6251   6649   2422   2310   1272    288   2505   8374   1498    685    306   4413   5467   8008   6504   6659   1898   3808   1988    760   5079   7516   9328   9501   5582   3807   5916    709   9890   1186   5043   2556   7036   9373   1166   3383   4132   3735   2246   4781    590   7984   3280    933   9704    348   9411    465   3363   5345   2333   1658   7952   2514   2008   2365   5245    398   9734   2533   6608   5428    948   9162   3426   8489   1710   4361   8063   3708   4687   5092   4414   9032   5372   7580   5132   6987   2465     60   2909   2405   1020   1145   1349   2131    136   1928   3091   5805   9164    368   2160    414   4996    353   7382   4499   4864   4611   2340   6231   5340     34   1457   2476   7408   1625   6446   7997   6249   7213   2897    819    695   8972   8895   1222    104   5575   7161   2085   6020   7181   8138   1432   2266    937   9968   5796   7883   5965   1097 
  2462   2121   3914      0   6063   1477   9183   4847   6550   1123   2804   1063   6652   3107   2539   3094   1541    455   6284   6933   7218   3904   4001   8439   6414   5799   1172   6087   5273    670   9035   4119   7588   4471   7184   8422   9469   7043   1588   7890   7372   1309   5013   5726    494    983   4430    677   9569   4149   6688     64   5216   3592   3983   7012   1088    446   4702   6879    234   3720    541   8484   8507    316   3955   4964   1449    508    680   2991   3416   2598   3541   2668   8573   8957   1823   1925   6096   3767    720   4983    120   9592   7303   5912    754   9423   7058   9641   6116   4992   2970    814   6768   4786   8894   2395   1275   5945    435   5505   1040   5446   1675   5145   5903   7869   6965   1599   1898   1591    309   1107   7266   9625   1827   7276    718    340   1688   1758   3149   3662   8839   6270   5709   9233   1546   3410   8651   3027   7070   5422   6188   8453   4096    204   9004   2463   5416    795   2871   8043   2613   8875   1797   2545   5962   3416   5866   8323   7273   9941   8605   8970   1214   7419   1016   1457   5614   1730    320   1488   1184   1838   2694   2203   2411   5917   3134   2011   6048   5248   2798   5533   3418   9752   6523   1738   1429   4051   6207   6646   1116   3623   1262   1293   2006   1470   1802   1242     34   3794   8996   6665   8385   9562 
  3551   3557   6724   6063      0   9508    960   2388   5845   2284   6922   8278   3639   2281   8452   6508   1762   4058   4490   6027    774   6869   3332    217   3260   3094   2765   8136    270   1227   2052   2367    907   1661   9495    362   2506    704   6508   5027   2876   4717   4898   2065   9287   5342   4871   1522   8416   5755   2619   9796   9817    868   8389   4041   5867    350   2195   5370   5844   5874   6568   2636   7092   8499   5441   6577   1989   9936   1544   5489   2618   1898   2012    682   4617   5590   4848    564   4251   3398   3540   4393    354    803   2737   3443   3948   5246    152     23   2088   9145   2220   2257   7398   3968   6638   2577   9508   4285    746    325   7237   9563   7169   3480   7764   1753   2118   5434   7594   1346    268   9248    668   4395   2047   6207   6568   4270   5570   3412    305   5094   7353    646    665   1259   6984   4447   2894   7646   2476   1319   7160   2184   6567   4819   3201    447   5169   9325   5030   4393   1421   4340   6445     20   2905   2581   8279   2646   5755   1243   6440    130   2296   3076   1220   2299   1510   1589   8460   4573   9844   1648   3833   2968   4776   7907   1112    639   6169    660   6934   1601    142   1258   6318   2870   9414   1438   4656   1565   2537   8691   3844   8549   1056     50   2720    521   5312   3946   8853   6432   2412   4183 
  8041   6855   2562   1477   9508      0   2496   6628   4731   3729   8016   3650   6502   3719   9171   5235    711   8300   2486   1561   3823   9649   7836   6493   6118   5316   3278   1462   5160    697   4308   8093   3550   7542   6898    784   3418   8724   6647   3845   1127   9348   3378   1456   9536    783   6933    135   3008    913   2862   8757   8666   2711   5443   6092   2297   2919    141    639   7050   2143   6153   5919   5288    642     59   6469   3624   4768    803   9569   2566   6836   8533   2849   2320   5522   8131   6036   1441   9553   9997    545   7392   5814   8892   8834   1402   2147   1706   2966   1149    143   9446   3638   1350   8661    439   8519   1933   3202    511   4720   4943   2650   2226     45   1116   1307   7237   2484   8786   2453   5548   5366   9897   3848   7855   3625   7665   4192   8189    452   5560    142   6404   5164    928   6488   7551   1549   7537    146   2336   1724   2522   9949   3376   2075   1405   5663   6981   2221    651   2228   6882   4012    830   5861   8565    872   2613   8023   8909   1921   3141   4518   3034    375   8814   5089   8314   2529   5003   7576   6641   4507   6863   9045   7240   5861    652   8584   1112   5032   1012   3734    473   5163   8517   7828   9974   8022    608   8687   6131   5157   3195   8110   3602    656   9864   1514   4289   9081   6421   5469   9272   2967 
  9564    964   2132   9183    960   2496      0   5126   2491   2017   6209   9999   8685   7177   3901   5606   5140   7430   9850   3272   2653   7593    188   7146   4544   3990   6456   1474   1614   3393    591   4535    587   4443   8414   7558   5192   9869   8502   2839   8917   3316   7512   2576   9815   8206   3316   6839    693   4579   1459   1853   8472   5191   5058   9481   4498   1263   1073   5714   3727   8721   7340   6113   7674   6849   2856   8935    578   1865   4016   5594   7502   5849   2050   2421   2749   1023   2037   1648   5185   2312   6796    238   6509   3095   7984   8774    766   6901   8313   4563   7304   9690   8494    720   9761   5291   5390   1982   1314   1412   5615   6279    731   7271   7222   3864   6887   9013   6487   5338   3953   6732   6718    849   5989   4354   1357   3481   3339   8961   8136   4190   9361   9123    382   7306   3303   5424   8586    116    624   9525   9210   1686   4406   4343     14   9376   9629   2744   8435    507   5644   3048   5505   8096    296   1344   3539    426   1058   1211   2854   4441   3842   1941    836    425   6373   4776   4594   5969   4820   1637   1144   8672   2102   6768   8064   6180   9768    415   7313    893   2218   9411   4253     66   2508   6392   7160    962   7770   3754   2666   4381   7156   5784   4728   7459   4818   1053   1759   8621   2679   5275   2034   1387 
  8151   5084   6980   4847   2388   6628   5126      0   9011   6123   1365   5182    255   7411   6825    295   8947    310   7481   6831   1563   3922    821    343   8939   9638   4590   2291   9871   4851   4594   5858   7798   9364   8009   6369   2672   6224   1232   2353   9798   8623   5029   2037   2042   8443   2179   2576   6112   8713   9294   4911   2700   3847   4626   8355   2269   3784   1832   2897   9481   6062   2778   1437   7785   9464    856   6723   7431   1291   6826   2456   7974    661   6519    545   1938   3712   4550   9970   2840   8387   3380   5578   8712   7103   7414   8684   4313   8520   1649    144    412   8434   2055     76   7796    206   8467   3645   6517   2773   1175   4346   3132    501   1189   7562   9214   7209   6619   4772   1572   4349   2387   8248   3158   8417   6763   6780   2166    813   1953   9961   1247    935   2242    486   4158   1697   1364   3077   9185   5062   9840   4573   9870   6582   6741   5320     70   6719   9802   4878   2523   5182   7475   7089    990   8006   8983   9226    700   5040   3008   1955   8570   4628   1891   2517   3744   2071   7953   7413   6083   5269   9886   9755   8870   9216   6000   8035   7635   5514   7019   1016   6453   2415   3228   2717   9624   2646   7427   2669   3636   2985    197   2181   2054    530   5522    544   6737   7944   8995   2724   5860   1531   2647   9339 
  3155   4268   5324   6550   5845   4731   2491   9011      0   1356   6124   2446   4676   1964   7889   9926   9514   5738   4983   2117   7732   2333    136   3111   9359   5237   1071   9561   6985   2138   6216   9158   1776   6633   7806   7601   5370    251   5775   2659   2837   4630   2434    839   2353   7273   4700   8914   6764   4995   8159   3431   8415   3156    996   9627   4375   7543   7594   8421   5318   2351    287    329   4555   7472   4782   4773   7086   1760    954   5964   8129   1006   7914   4898   5699    242   5060   5881   1990   4919   5694   4346    260   1989   5075    998   2861   1443   1027    286   6420   4219   2367   5297   7290   6607   2179   6629   4362   1515   8275   5640   8695   8876   4202   5160   3027   4480   3569   1457     16   2286   4909   9926   3516   6729   3245   5522   1097   2832     18   1023   3211   3432    335   6295   8453   1933   5170   8874   2901    341   2739   2433   2543   2710   8653   7282   1863   7755   4155   2243   8499   6113   1604   2050   6576   1127   1865   7461   2659   6454   6782   6079   5059   2606   8631   2595   2116   1890   3574    636   7623   8757   7602   4125   8817   1990   7721   2038   6185   4761   6232   1878    693   7031   5146   8792   2582   6935   1088   2584   1187   4829   2016   4325   6084   8515   4417   3900    720   6535    149   7859   7128   5908   9911   7237 
  1860   5465   8147   1123   2284   3729   2017   6123   1356      0   6725   2275   2502   8092   4719   7124   3011   2740   9920   3448    616   9502   1128   4530   4857    930   4225   3790   5519   8682   4086    401   1410   9724   1231   5395   3991   1607   9232   8937   4970   9792   1075   2438   1502   6462   7107   8931   8722   7635   5098   7085   4965   9725   6557   3983   2605   2973   3845   2480   4500   8262   6081   4432   4357      9   8987   9614   9909   6367   6504   6380   1877    248   9507   1894   3398    514   7740   5662   3086   9180   5213   2973   2554   1821   8588   5062   7556   6223    488   3356    807   6225   5533   5398   9024   4508   4922   8112   1815    677   2422   3701   7981   2403   2494    603   1513   1505   1921   2494   5150   3191    383   3920   6846   8805   9999   4464   1189   6930   7424   6649   9231   6387    659   8861   6667    637     38    354   1028    959   2451   6061   1661   4954    570   1837   5500   5811   5244   1530   9450   2524   5258   1582   7018   3279   8941   3044   4312   7308   7991   8671    900   7683    585   3468   7871   2852   5398   4651   9045   4293   1272   2779   5083   3637   2641   4949   6266   2160   8676   1802   1548   3235     85   5392   4118   5729   1086   8586   7687   1077   1123   3510   4352   1402   6425   5868   5940   7112   5969   7092   3697   4577     11   5639 
  6140   6639   7077   2804   6922   8016   6209   1365   6124   6725      0   8671   2924    441   7066   8281   4400   7937   2039    794   2883   6247   8093   6601   1764   8554   1338   1399   6231   8590   4103   3832   3952   1273   6868   3505   5347   1249   1540   1297    826   1782   5050   3874   6022   8540   5860   8961   1498   7963   9592   7564    533   6890   2974   2028   9344   9913   2941   1027   1192   7758   1161   7159   6861   9139   1436   5918   5451   3565   3475   4492   5479   7839   9419   5932   7645   1568   7852    363   7544   2906   9813   4955   1218   9061   6634   3670   1549    179   7498   3168   4194   8829   5940   2322   4009   6013   4236   2325   5129   6381   3385   6107   5025   2496   3010   5572   1239   5295   4569   3647   1744    598   9447    926   1471   1568   8985   3904   6578   1888    506    985   3899   4834   8545    260   2699   2641   6861   8427   2517    457    607    838   6608   8208   8088     82   6221     16   3619   8452   5659   8088   2165    622   6567   2659   3251   5281   7753   2953   7155   3124   6012   8868   4087   5475   1517   5142   7830   2651     22   2153   6716   6324   9724   2182   5540   5008   9046   4395   5923    755   8736   7174   4103   1283   8817   6806    433   4994   3512   1572   2335   2025   2204   2397    990    951   2469   7155   2591   9979   8789   7893   2136   9310 
  2669   9205   2293   1063   8278   3650   9999   5182   2446   2275   8671      0   1756   2540   5950   9684   9372   2696    176   6707   2777   3337     22   5636   8196   2385   4842   2106   7416   9626   7862   1153   2885   9716   6527   3242   2684   1538   3521   3651   1467   2469   3372   6715   9674   2153   9598   6166   1125   6478   3922   4333   4700   8506   2681   4666   1721    605   6870   5858   2609   2676   4175   9460   2733   5185   2977   4609   8873   4826   5459   5164   3902   3506   1935    100   8332    341   3693   8607   4203   5672   9714   1833   6546   3823   7928   8684   5144   2736   7454   2898   5658   3800   2482   5225   9629   1532   5932   9190   5638   2771   9101   5342   8983   1458   9881   5664    475   2872   6834   1110   2772   3035   6183   2046   5475   5186   2379   7955   2953   8419   5305   4513   9949   9760   2615   2217   8493   8781   7065   5761   2697   3109   3144   7728   5565   4078    883   9784   2895    266   2854   2644   4201   1392   2505   2452    999   2169   1275   2071   1139   1823   7983   1096   6752    994   8566   5227   7445   5325   5822   3274   4891     24    443   9659   6778    255   3620   5172   1343   6723   9744   6593    129   9167   1168    708    518   8030   2319   1647   4432   8250    825   1518   2460   8232   2328   2840   8876   2386   4966   2551   9412   1381   5246   2262 
  1392   8483    485   6652   3639   6502   8685    255   4676   2502   2924   1756      0   6180   1707     84   3019   5621   2891   9656   8436    934   7616   7973    806   3783    776   7376   2787   3526   5838   2477    988   8585    345   4517   1896   1148   1253    566   4595   8572   2562   9802   2154   7140    220   5580   3621   3415   1403   1670   1910   8494   6364   9263   7985   8435   7630   5236   5389   6158   5553   4902   2121   8990   8188   5443   3026   4123   1583   2008   2276   2571   2632   2214   9742   3458   3177   8723   1915   7534   1337     99   1774    658   2329   4695   5518   1698   2266   4389   3138   3264   5661   7833   7710   2661   1835   2348   5118   9170   3094   6451   3107   8424   4336   3050   9227   8742    793   5905   3013   5906    990    646   3813   6778   5264   1699   7925   8684   2035   7483   2445   7283   8329   2624   2419   6468   7805   2167    854   3625   8339   7135   4775   6572    704   2575    297   9799   6118   9598   3899   1579   7875   3175   2067   7710   3290   6558   8828   9625   1809   4092   1811   2161   3020     98   8319   9636   4602    461   5631   6328   8239    613   2377   9807    146   7979   6431   9406   5031   5587   8963   7184   8718     15   4367    277   4590   6093   3726   7104    140   9026   2463    576   2032   2696   2123   6509   1642   3557   9716    390   1009   8444 
  9597   5066     36   3107   2281   3719   7177   7411   1964   8092    441   2540   6180      0    112   3273   5820   5080   2134    148   1780   4663   2776   8778   6697   7653   9569   2809   2947   2138   3825   1594   2028    181   6647   3945    492   6168   7950   1015   8629   6407    554   6588    464   3804   5125   7234   2872   7694   2933   7807   5141   2003   9008   9234   1435   2273   7554   5136   4979    908   6670   5919   1689   6219   3171   5188   4664   8509   7329   3273    644   8123   7692   1042   6022   7646   6431   9841    124   1028   5381   6903   7794   9485   8739   9309   7307   4220   6458   3059   7365    859   5516    791   5324   4430   9100   5960   2572   9324   6427   7453   3053   3050   3392   4768   9930   1465   7687   8832   5618   7218   4285   6230   6947   6143   5994   7654   2371   3533   8208   6650   5153   6528   9956   3738   5579   1797   9754   6655   8912   5999   3285   5609   2137   6923   6478   8590   4500   7301   2725   9829   3841    864   8246    546   8176   3249   1133   9732   1130   7180   2989   1948   3454   5762   9757   5711   1551   5001   1476   6399   7373   9229   6118   7686    624   5174   1263   6531   7644   8811     16   3577   1265   5191   6887   8885   7121   8153   4691   1662   2840   9057   7544   3731   5750   4185   2096   7248   7089   4881   7171   8593   5545   3022    551   5980 
  1143   8692   1767   2539   8452   9171   3901   6825   7889   4719   7066   5950   1707    112      0   8763   2932   8619   9657   2874   1890   2672   5940    810   1422    858    709    558   1521   4613   7453    437   9989   1338   3813     48   6269   8788   6771   4183   9205   7998   2605   3853   1931   6848   2370    480   3948   4905   2230   3766   8514   8447   2365   7380   3869   6292   5290   7024   1793    715   5161   8841   4959    395   1675   5493   1495   9058   5057   2347   2669    606   6539     17   1051   7144   4930   3385   9974   3042     19   9496   3972   5266   1725   6791    381   1423   5102   6189   3487   5756   6266   3884   4184   1762   9373   1291   8190   1234   8002   2003   2434    971   2771   7358   1558   3752   5778   9837   1387   4206    295   9304   1327   2932   6941   2379   1893   4435   6887    559   1669   1600   1832   1686   3735    744   9394   5019   9691   9355   9389   3865   7051   7788   2412    330   7940   3623   7691   1411   1026   7827   6300   3566   5259   8651   7123   5624   4573     71   3359   5468   4715   7520   6346   6511    452   6436   8500   8781   8181   9334   9820   1252   2001   1849   7007   2383   6926   1118   3029    597   8659   9900   5544   7187   9920   9807   5431   8294   1518   1332   8732   9086   1543    196   5577   7375   4263   3423   9417   3049   3620   8954   3317    539 
  3747   1953   6276   3094   6508   5235   5606    295   9926   7124   8281   9684     84   3273   8763      0   2459   1131   3444   6403   2396   5236   4807    170   2679   1903   1509    669   1079    121   5683   3070   7215   5010   8727   9643   4387   3715   1485   6975    329   5616   9146   3896   2048   6176   3489   6248   3297   5706   3507   7040   4932   2386   8395   5514   2245   9109   6409   5653   2279   9025   6813   9078   8616   8920   2263   6509   8790   4038   2846   9989   3505   9648    655    224     50   6367   9064   7650   3547   1133   1555   4541   9504   8080   1511   7837   5141   7813   9500   5540   3144   5054    111    200   9601   6366   5302   9115    841   4532   1860   7547     39   8710   1184   8235   1985   6768   6657   7697   6402   3997   9614   7522   8855   3541   2532    955   8847   5335   3240   7632   1075   6921   1983   6762    979   9981   9770   4189   7170   5974   4775   9991   5876   4251   1172   5263   1062   4795   5238   1325   4749   4674   9514   1894   6274   1866   3882   8972   5004   7253   8820    995   6783   5209   3957   5542   4949   5117   6332   2362    492   3779   1262   6883   1119   1511   2565   8710   1031   9735   6125   9918   3940   1795   6288   4707   8359    790   1409   9672   7715   2933   1703   1364   4293   3447   2683   2530   1712   3685   9924   8796   1292    772    578   6997 
  8931    330   6230   1541   1762    711   5140   8947   9514   3011   4400   9372   3019   5820   2932   2459      0   8336   1217   1577   8807    654   8284   1295   4076   7952   5016   6472   4768   2256   2690   8848   7287   2477   5535   3322   1770    939   4266   7160    168   7322   5854   1450   9786   8908   1649   9867     23   1488    658   3161   1386   5843   4548   9540   3616   3223    554   5338   7557   3957   2885   1217   8033   7248    940   9381   2543   4603   7707   4275   8415   3070   5583    550   8924   7683   4049   5857   8704   9766   2609   5469   2342   9212   4500   3076   4800   3124   4577   2429    315   4461   3032   2490   4574   1382   1587   8783   7914   3709   1218   3269   2607   7169   2321   8367   2635   8041   4717   8699   8392   8218   9175    924   3173   2227   7063    934   5877   5180   2580   3258   4184    848    498    692   8791   2231   8174   4706   9411   2759   6886   1270   2831   9229   2076   7550   1245    951    572   5363   1959   2660   2411   3456    974   2431    259     35   8776   6617   1084   2074   4837   7974   1756   7271   1778   7466   7954   9060   1394   6803   4208   4990   1161   1321   1879   6715   1307    692   3175    703   8725   1997   6470   5727    137   2377   2288   7956   7407   1586   2096   1859   6314   6776    686    490   1081   8295   3673   2494   9359   1432   7319   1796 
  5938   2321   2774    455   4058   8300   7430    310   5738   2740   7937   2696   5621   5080   8619   1131   8336      0   3348   6909   1482   8750   1581   4856   1493   4696   9994   3132   5456   6370   8958    696   5991   3551   2132   1168   4185   2637   5488   1500   5807   6503   3458   4550   9099   9928   3330   2783   7764   5874   4360   7458   2735   9743   9820   1580   3599   2438   5214   4362   5568   8289   4726   6564   8848   1868   2525    602   4174   4866   9293   4173   5816   9348   7655   2991   1792   6714   1699   5839   1726   4830   8382   7519   2971   2821   2142   9543    509   5840   6889   3678   5726    355   1399   5238   2978    309   4612    360   7144   6040   5802   2896   4048   2650    558   2843   7567   8012    155   3360     30   5857   6044   2412   7785   4314    269    737    646   5776    131   8768   5875   2946   7466   9748   3445   8624   1936   9538   7503   6856   7616   6319   5712   7921   2113   4722   6032   2181   8288   1418   3675   1267   2731   3313   6559   2052   5983    466   4306   7164   3108   5944   5287   7940   2551   3673   1651   8918    648   9697   9610   5050   5702   6401   8959   1792    407   8938   5052   6318    219   6630   5534   1259   1971   6631   2469    908   9438    115   6426     45   4901   6751   3185   3186    807   9434   4706   3951   9958   3788   7154   8790   3859   2879 
  3494   8451   4831   6284   4490   2486   9850   7481   4983   9920   2039    176   2891   2134   9657   3444   1217   3348      0   8278    481   2744   5501   3515   4559   5669   8923   5887   2851   2045    165   4180    649   8081   3307   2118   5115   1036   6892   5354   8036   7520   7233   8826   8835   9985   2763   2078   6052   8721   1568   3869    858   5644   5810   1332   1472   2724   1538   2421   9249   3215   6948   6916   6389   4959   5283   5597   5421   9026   8999   1370   3346   8044    581   7636   1034     65    663   4583   8011   2519   4364   5035   4916    379    962   4976   1433   4002   5489   1929   7710   6659   5867   1388    902   8722   6290   9560   3597   2832   5401   6296   8707    561   3534   2167   5899   1518   2295   1428   4580   4781   8171   1257   1463   9133   4516   3638   9249   3253    642   9682   6146   5535   1042   2100   4005   8081   5424   7503   2929   1165   2585   8988   9681   1625   6229   8092   3904   9344   1091   7630   2711   6171   3206   6654   2731   3306   1424    303   4001   4295   4637   7289   4820   2221    753   1814   1482    116   6789   1401   9058   3648   3967   6560   6098   9547   6577   5723   5103   7759   7412   6461   9788   7417   5764   9987   7767   6282    798   1746   6273   3775   1192    998   1886   2771   5745   2615    621   9203   6106   9566   2744   9123   2660   9913 
  8889   1998   8670   6933   6027   1561   3272   6831   2117   3448    794   6707   9656    148   2874   6403   1577   6909   8278      0   3759   2078   5802   5547   7441   2964   1313   2216   7467   2079   9918   7423   1813   7893   9751    232   9849   6709   6269   2767   5078    763   5385   6546   7446   5318   1334   3255   9867   8413   8703    977   2736   5964   8441   2693   6749   7605   5314   8520   1675   6549   8586   9771   1387   4420   1250   4585   2785   2641   2980   8127     21    684   1506   4973   9484   6805   6513   8364   1427   8789   9064   9936   9068   9084   2341   1392   1213    779    559   8948   8774   2819   6930   2478   3666   4125    727   1884   1872   2250   3907   8316    227   9006   2866   1984    232   9304   1764   2660    775   6741   4871    766    301   4918   3126   1589   8599   3567   5121   3637   2162   5713   1726   3937   6481   1721   3311    233   8176   6282    484   9215   6024   5881   5155    996   4690   4056   2214   1320   6384   5204   9717   8466   2713   1474   5269   2332   7332   3495   5071   3746   8440   2887   4756   1644   1714   1137   5521   8762   3191   1080   1918   5807   5627   6213   8221    913   2130   5131   4607   2464   1846   6330   8585   6292   1321    664   1016   5612    956   4541   9570   1460   1248   4830   6654    502   1899   2747   3573   7620   5454   3053   6266   6021 
  1510   3230   1718   7218    774   3823   2653   1563   7732    616   2883   2777   8436   1780   1890   2396   8807   1482    481   3759      0   7910   8586   4374   7198   2256   2202   5160   7778   1409   4255   6156   8525   5413   6160   3162   2525   2599   5431   5777   4450   7425   7628   5828     56   4694   1681   3380   7986   9469   6975   6591   9656   8559    800   7320   5268   1811   2238   4472   4665   3369   9564   9573   3237   7476   8307    576   8808   8813   3039   5012   9717    852   7435   1228     25    105   1210   5013   2058   1243   4919   4805   6689   8383   2639   5995   5402   6276   6109    919   5163   6677   3751   4604   9523   4272   9207   9908   5909   7429   4524   9987   2517   3074   6001    656   2002   3261   2125   5472   3060   8290   7325   7828   1736   1614    335   5189   7833   7099   6449   7886   3185   5406   1369   6713   1968   8527   2101   6653   1611   5240   7957   1415    825    977    680   6919   7754   4409   8900   1454   2473   1320   4698   8661   8516   3763   6569    464   2120  10000   9793   3140     50   5980   2346   3829   1715     10    294   4084   3875   3086    628   5863    250   6345   8886   1674   8154   8919   7990   6582   8337   8086   5908   3615   6461   6536   3235    467   7776   6667   9972   2225   4487   2711   1363   5271    933   6153   9920   6015   8069   5231   1808   5131 
  7317   7736   9041   3904   6869   9649   7593   3922   2333   9502   6247   3337    934   4663   2672   5236    654   8750   2744   2078   7910      0   8047    772    869   8816   7018   4509   6763   8640   4179   2308   7125   9547   6876   1219   1447   1847   9177    292   3652   5693   2631   2263   9546   7287     45   6964   2717   2344   1432   9987   4449   5180   9105   1816   2476   6625     33   9556   2875   2340   7320   3673    115   6623   2937   6989   4299   2643    650   5570   5864   5713   9723    883      9   8590   7732   5650    483   3511   5844   1857   3487   8897   8263   8543   5155   8389   3064   9252   2126   4859   6103   1679   5016   5557   3531   9838   3033    591    316    398   8936   2228   3946   3781   9542   9283   2002   1389   6156   3266   8898   2162    306   8866   6922   3215    418    709   1078   9445   2300   7532   9897   9020   6490   7605   3883   9182   1943   3123   2854   2480   3564   8495    893   4675   4155   9166    814    395   7199   3139   1754   7342   2739   9064   1970   5137   2609   3496   9220   5566    397   8624   6325   4361    339   2869   9393   4020   7935   6296   5665   7184   3276   1080   2492   3478   1839   7736   6993   7621   6675    738   1283   4493   6136   8698   2390   2348   8904   4439   7273   3705   9866    557   4036   6174   2426   6463   2868   4009   8200   1397   2708   2453 
  3776    100   4199   4001   3332   7836    188    821    136   1128   8093     22   7616   2776   5940   4807   8284   1581   5501   5802   8586   8047      0   1664   4329   3614   6917   4265   5880    546   1219   6018   6981   6230   7527   3994   8368   1582   8858   4847   2840   5198   2300   8905    989   1006    595   8679   2347   8988   2853   6378   3874   3432   1129   7920   8666   3772   5146   5091   6950    810   6380   3955   3334   9978   3780   1793   8371    580    177   6046    245   4826   9376   3859   6200   2394   3567   8930   6719   9842    448   7020   8872   3844   1394   6836   7826   2653   2363   7188   1226   5376   4266   4814   1805    552   4635   4230   3162   7597   6090    941   4278   2630   6380   5825   4933   5456   7003   2003    165   4926   6274   4968   2926    978   1865   3268   6089   6282   6194   7108    381   2861   4771   1291    480   8919   7669   5215   9661    180   6813   3573   5873   5258   1578   7881   2860   2938   1551   6162   5508   1143   2163    437   5036   4583   2662   7673   5511   3626   6613   3387   1318    137   2064    610   2457   7920   4506   5110   3412   6895   2370    812   9280   1229   3888   1253   7045   1373   9363   8663   1653   7270   7834   6699   1131   9277   9872   3337   6996   1062   5948   1009   2334   3403   3513   8363   2447   2267    194   3489    728   1798    448   9595 
  9450   1554   7516   8439    217   6493   7146    343   3111   4530   6601   5636   7973   8778    810    170   1295   4856   3515   5547   4374    772   1664      0   3754   6472   4584   4683   2552   2788   8559   7898   3583   9490   5360   9635   1298   4092   6625   3613   1993   4069   1649   9710   8652   1579   3525   5743    171   9615   9364   9146   8240   5506   1313   2459   2936   4322     56    597   7534   1301   1531   2323   4058   1396   4701   8179   5321   5691   2015    222   2494   8304   9050   7371   7960   4611   2478   1236   4196   6725   1770   7320   6117   4123   8427    306   9937   2756   9048    634    911   8216   6638   1531   3615   8452    937   6644   9913   7923   3875    483   1033   6831   3073   6622   2106   9000   6714   4467   5330   6068   2282   2467   7613    312   1223   1338   6717   4389   5426   1186   2993   6934   6513   6872   7172   9065   8731   9630   5945   1196   1541   3475   8996   4585   9292   9312   7099   6741   9618   2357   5997   3685   3661   1026   3986   2226   8941   9354   8549   2014    941   4020   8254   3575   9756    836   9123    747    637   2650   3985   9709    317   4952      6   3911   5636   3738   1410   6384   7774   4656   6398   1327   8251   3119    652   1808   8484    985   1248    295   2464   1194   3629   3586   3703   8741   2708   8420   1557    430   7065   5918   2546   7961 
  3504   9037   2411   6414   3260   6118   4544   8939   9359   4857   1764   8196    806   6697   1422   2679   4076   1493   4559   7441   7198    869   4329   3754      0   2072   7328   9616   4642   4903   1969   2038   9486     44   2619   3515   8081   1649   2027   9334   5697   8406   1303   6452   5675    215   2368   2730   5973   1710   9945   9820   2452   4074    536   3774   5613   2672   9229   2170   8753   2675   8561   9233   5029    991   8593    343   4464   4555   9642   8633   5785   2463   4518   7249   5183   6035    184   8876   3514   5993   6757   5034   3570   9131   8067   1047   4926    905   5878   3816   9248   1213    552    457   7839   9376   2152    901     36   7266   6902    566   1913   3636   8526   4319   1119   8809   1715   1222   7950   3197   5998   2999   1698    517   4038   2918   4675   3640   9250   7427   8518   3933   9517   2772   8995   3110   6377    782   1782   8444   9847   5285   4809   8220   7620   9477   6865    417   9272   3120   5928   1507   9452   6330   2891   8975   5002   3907   2004   1063   7657   9299   5402   3948   1896   1979   7944   3417   1755   7930    364   5379   2772   7214   5265    287   7971   2428   9486   2436   5120   8354   6927   5186    776   8300   7956   3873   5766     37   2425   9437   2356   9776   3494   8529   4083    918   2504   7602    646   5409   1199   5054   3765   6744 
  1528    556    600   5799   3094   5316   3990   9638   5237    930   8554   2385   3783   7653    858   1903   7952   4696   5669   2964   2256   8816   3614   6472   2072      0   5209   9990   7617   5229   8030   3369   5315   4980   8797   1810   1033   1766   1383   7043   7699   1606   5979   7266   9243   9857   7297   4644   1795     92   5018   7976     52   1402   3383   1382   4708   3004   1097   8024   4774   5054   7994   8648   6936   9790   6681   3963   8697   7469   9643   4478   7657   9340   3840   1903   3317   5664   3299   8957   3475   2583   6198   5699   2683   6447   7997   7970    198   6627    521   5629   5067   4199   9624   7866    855   8311   4091   5846   6877   8508   5656   7401   6287   1008   1713   6779   8059   5667   4436   9525   4121   1901   9588   2476   2051   8966   2567   2586   4166   2514   8370   7358   5992     82   1313    310   3434    344   4603   6667   6095   5866   1558    124   2493    346   1974    334    516   6227   5628   1331   2525   3063   1564   7786    149   9736   1071   2694   6026   3236   7898   3842   5220   2469   6206   7732   4823   8889   7393   1712   4279   2878   8701    496   8973   2593   3224   7089    681   3288   8243   7360    200   5357   1334   7189    841   4652   9467   9919   8986   3936   5194    721   2296   9018   3894   7741   8966   1218   1702   9583   8461   8001   4885   9452 
