
     0      3     74     15     30      8      4     40     49     90     69     49     28     49     51     32     99     48     13     25     54     33     93     95      9     29     67     53     83     10     66     42     94     28     56      3     22     60     27     55    100     81     72     17      4     77     82     51     67     45     57      4     27     64     71     81     69     65     42     77     44     40      6     57     27     25     12     76     77     90     93     36     37     95     43     47     72     14     18     63 


 1000000   6300   1789   8215   3038   8704   2458   9923   7103   6139   4659   4496   8272   9573   5163   1671   1212   5209   1966   6345   8498    477   2748    888   1783   4716   2677   4496   7867   5269   9383   9306   5978   9832   5110   3636   8468   7470   8795   8234    334   5144   7632   2712   1914   2332   1930   4003    164   6557   6680   4021   6718   9210   3179   3464   5982   1529   8421   8310   6999    739   6855   2096   4485    865   9430    988   7420   5096   4382   3219   5315   6083   6537    954   6252   5519     33   7695 


     0   9347   3871    763   5182   7444   2354   9016    563   9117    328   5404   7770   2265   1284   4000   8649   9495   9956   8409    471   2672   3507   8392    909   3334   9357   6435   1997   1247   4481   6724   1715   3266   9308   7216   9338   8625   2100   3258   9089    231   6515   9594   1711   7908   6982   5992   7603   5479   1366   4253   7312    411    469   4747   1127     52   1707   3019   9926   7196   4802   3367   7760   6681   8351   2873   1102   3009   1011   3236   3093   8528   9186   7281    489   9849   2819   4733 
  9347      0   9937   8203    104   8401    668   9718   5487   7873   4243   4702   3465   8296   1215    222   6841   9188    254   8913   1056   3182   3425   7212   8151   3325   5688   4912   6909    683   5328   3039   2275   9191   2940   4732   5061   1645   7379   9528   2730    370   9066   7850   3951   4516   4594   3982   8335   9458   2404   2001   7911   2583   7035   4187   1096   1581   6913   1310   6988   4847    765   8143   5646   6478   9132   5922   6628   3145   4830    650   2559   5751   4099     16   3989   6758    407   5076 
  3871   9937      0   4909   4200   4970     82   9211   9420   8740   5366   3613   5275   3736   7907   5463   4885   4647   9392   8347   8459   9655   5348   9468   4893   3716   1299   3844   2278   4775   6585   7602   2934   6772   9207   7304   9888   5017     11   8453   9334   3125   5748   9056   8129   7286   8678   2645   8741   5366   6731   3683   8980   8119   3147   8678   1713    813   1564   4417   7432   3452   7357    319   3788   6819   9487   8619   3905   2696   6901   3405   3563   8085   3278   8663   5846   8385   5856   2047 
   763   8203   4909      0   2727   4627   6439     79     35   9523    478   9162   8493   5138   7245   8928   2374   9420   6995   1940   5664   8059   6438   9837   3923    623   7960   7803   8948   7596    540   3259   3346   7556   8233   8685    451   1908    509   1077   1134   1332   2294   6256   8490   7322   7709   9911    246   6127   5652   8233   4970   3013   5217   4293   5758   8343    347   6887   9626   3411   4756   4324   9229   6708   4552   1847   3889   2772   2805   7037   5471    704   3499   5103   5022   5773   5269   2256 
  5182    104   4200   2727      0    642   2251   1735    934   3714   7512   5627    444   2746   5095    551   1864    867   3360   3329   5689   4079    219   8422   4021   5081   8856   1830   1745   8220   3426   1092   1281   9779   2212   9644   8737   5137   2330   7445   1587   9505    700   7642   1866   9136   1511   7779   3751   2473    286   2761   6308   7697   9392   3402   4734   1668   4042    729   1335   8239   7743   7561   4636   1743   1670   2427   4482   8986   1667   6006   9399     13   9497   3110   4487   1158    688   7800 
  7444   8401   4970   4627    642      0   1228    914   8642   2501   4715   3561   6923   6845   6716   6888   3825     53   4296   6367   8833   1955   6521   2732   6955   2617   6973   6663   1423   1665   3387   5743   2440   1288   2123   4261   2649   7406   7247   8888   7894   1100   2871   9904   7973   2662   1429   1278   1478   3299   9772   9892   1567   3274   1488   8465   9723   3855   4345   1855   5221   2462   5767   2800    304   1608   3709    342   1578   1644   9032   8529   3585     55   9552   5871   4629   7486    146    975 
  2354    668     82   6439   2251   1228      0    815    298   3723   8086   9441   2613   8360   6421   9407   2725   4317   3002    845   9159   3027   2886   2714   7069    534    511   5819   9354   4239   3735   1804   2733   4190   8124   5907   1740   1802    481   4502   8291   9997   6669   1184   9325   4699   2450   5982   9378   2498   3920   8543   1841   7623   5003   4300   1920   9006   2329   1717   7633    331   2305   9182   4375   8568   1473   4984   2409   2375   4366   7443   1926    329   5041   2451   8250   9567   2463   8273 
  9016   9718   9211     79   1735    914    815      0   9679   4080   1481   9956   3319   3514   6517   4080   6744   7885   5341   4239   4601    741   1031   8431   5932   9592   1012   4731   6429   1039   4493   6156   8794   8809    122   3058    786    765   6276    111   1363    446   5165   6419   8494   3397   7630    542   9534   9355   8306   5282   2169   2101   8913   2807   7461   3748   9983   7716   2831   9548   9397   2171   7287   9107   6976   9750   6592   2061   2697   1408   9575   1494    276   8965   4993   1473   1373   8252 
   563   5487   9420     35    934   8642    298   9679      0   8457   6879    895   9205   7738   8083   1175   8879   6426    949   6377   7900   3368   1779   6608   5864   7047   1088    955   6198   9114   1494   1670   2620   6866   6078   4727   7249   1462   7907    842    628    786   2883    302   1760   8035   1094   4177    990   7698    690   1865   8938   6351   6959   7557   5385   4047   5895   5555   8538   7289   8610   1507   7516   7661   9872   3948   1695   7573   7142    269   3326   3969   1069   4630   3931   5277   9512   9879 
  9117   7873   8740   9523   3714   2501   3723   4080   8457      0   9564   8022   7589   7337   6950   8349   1975   3740   9432   1674    866   6257   1530   6612   3383   9512   3175   3791   3665   2588   5815   2328   2353   8413    848     93   1334   6735   2559   9936   8751    305   5570   4317   1380   8432   3913   4185   3522   2253   5549   3486    151    523   7935   3604   2830   2429   7221   7265   8908   6208   8354   1908   2683   2404   8244   1423   3157   5921   2483   9043   4660    311   6055    912   9688   1702   2569   5244 
   328   4243   5366    478   7512   4715   8086   1481   6879   9564      0   8729   4720   6286   4915   8559   6731   3600    272   5471   8763    591   9195   3864   5118   7751   4595   1549   4970   1105   2094   5604   7940   7167   7886    127   3122   3075   1238   4185   8451   1521   1165   1765   9437   3045   8802    482    775   7910   2417   5794   5384   1996    868   4684   8848   1070   4157   1103   8901   8336   8115   3929   4992   5308   2779   6775   6488    303   8904   5503   8127   9062   2614   5531   6460   2233   2627   8200 
  5404   4702   3613   9162   5627   3561   9441   9956    895   8022   8729      0   6697    568   9630   4254   4765   6228   8213   5409   7836   7840   5386   9465   7054   2152   1205   7437   6797   6993   1055   9430   9299    882   4925   1090    466   8722   1276   6134   6981   6339   1277   6345   8823   4814   6992   8349   6675   1392   4565   9663     44   4516   9632   6258   6189   5313   9421   3320   1219   9238   3845   7186   3273   2340   4959    745   8884   9884   9865   3949   5024   3930   7048   4668   9627   9744   6143   1541 
  7770   3465   5275   8493    444   6923   2613   3319   9205   7589   4720   6697      0   2016   8902   5133   6190   9879   4482    970   5380   4826   1123   3762   9426    874   1524   7763   3412   7428   9982   9299   4926   3246   4396   9349   3623   1910   5814   4110   3578   3564   1383   6978   8799   3454   5185   8068   4390   2660   8050     30   3925   2622   1735   9869    419   4827   1953   3217   4676   1914   9654   2883   6439   2630   3803   4487    237   7325   7183   6804   7531   7074   3754   7650   1059   3092   5510    627 
  2265   8296   3736   5138   2746   6845   8360   3514   7738   7337   6286    568   2016      0   3246   8461   2461   2933    494   6527   7076   5254   8850   1356   9400   1640   6282   6949    519    823   3212   8101   3808   3832   8679   6559   2702   1349   4407    277   6737   2870   3528   2025   5695    242   6864   6569   1882   7894    727   7399   4851   4836   2392   2423   3054   8255    573   5580   2278    102   2759   4404   4275   1424   1501   2194   1418   1367   1670   2509   2677   2839    152   2487   2099   8984   1698   5488 
  1284   1215   7907   7245   5095   6716   6421   6517   8083   6950   4915   9630   8902   3246      0   7410    313   5159   5084   1611   6480   1070   7506   2877   1008   3095   3687    717    649   8783   8265    301   2326   1062   5184   1851    658   4671   5090   8077   4316   8073   6773   1627   3566   4861   4634   9836   2152   6904   6104   4452   1617   5561   6999    220   9936    894   2750   2163   8728   6267   2862   8373   8162   5691   6543   9674   9359   1115   3020   1905   9550   4244   5547   2797   8107   5816    943   6880 
  4000    222   5463   8928    551   6888   9407   4080   1175   8349   8559   4254   5133   8461   7410      0   1929   5040   4274   1014    160    596   3276   3364   5034   2523   7080    720    778   3620    586   9139   8813   2453   5657     30   6086   3826    515   4522   1813   8817   6769   6371   1368   6381   2264   7654   3652   4616   3473   2250   5588   7094   5163   7515   5619   2502   3823   2109    647   1602    276   1248   9647   9914   6437   4143   3022   3516   3775   8751   3704    680   3999   6421   2284   3490   3963   6503 
  8649   6841   4885   2374   1864   3825   2725   6744   8879   1975   6731   4765   6190   2461    313   1929      0   9586   7720   8719   2423   9862   2790    699    347   6502   6854   2955   4289   9592   6093   2758   6435   5359   5378   6699   6550   8064   3249   5448   8808   7776   8528   9165   3098   6128   1968   9553   9162   5786   6872   2323   6341   1278   3309   7139   8156   6281   5877     50   4069   7973   5324   8071   7204   6134   7655   1555   7866   8211   5673   7399   1374   5908   5954   5955   9866   6651   6223   4530 
  9495   9188   4647   9420    867     53   4317   7885   6426   3740   3600   6228   9879   2933   5159   5040   9586      0   1064   2102   1631   4965   2124   1075   2163    957   2469   1812    297    749   8799   6325   5417   7167   4684   3180   1519   1717    947    640   9627   5170   4520   2701   6359   4729   5197   6710   1319   9143   1799   6635   7526   4621   5669   9598   6912   2304   6206   9280   7883   9060   3609   5361   7610   5750   2465   4264   3252   5193    266   9935   5232   9059   1550   2082   9109   3144   6412   1033 
  9956    254   9392   6995   3360   4296   3002   5341    949   9432    272   8213   4482    494   5084   4274   7720   1064      0   4672   4550   6193   8515   1590    403   1720   4598   1307   6084   4751   2053   2371   6287   2475   4896   2728   8740   2766   2642    636   6663   5302   7015   8800   3040   4392   3468   5076   8918   1374     59   3281   1129   7694   5126   9589   5951   5563   6772   8685    881   2113   5594   1768   2103   9915   2155   2251   4737   3032   2595    191   9799   4383   1280   3459   5843    207     66   3870 
  8409   8913   8347   1940   3329   6367    845   4239   6377   1674   5471   5409    970   6527   1611   1014   8719   2102   4672      0   8141   5723    565    339   4007   2212    412   8795   6041   3032   5919   7503   7263    298    856   7284   1778    995   1770   7242   7093    409   2195   4407   2177   3613   8467   2992   7106   7546   6109   3833   2499   3947   5038    318   6455   4285   6572   5218   8281    502   9248   1335   9479   2709   2582   4397   2346   8554   5780   6655     72   7896   7769   2811   5901   2409   4488   3537 
   471   1056   8459   5664   5689   8833   9159   4601   7900    866   8763   7836   5380   7076   6480    160   2423   1631   4550   8141      0   8455   1889   1317   7582   8210   1079   2303   1114   9267   9216   4062    832   4808   7662   8607   8877   6527   9671   3773   7324   7509   9817   8098   4560   2690   3725   6670   8130   6980   3498   2662    812    729   1181   4737   8165   2624   2694   4127    207   6914    934   9899   1886   4428    278   3251   8411   1088   5674   1220   9017   8269   1479   2811    150    412   3057     41 
  2672   3182   9655   8059   4079   1955   3027    741   3368   6257    591   7840   4826   5254   1070    596   9862   4965   6193   5723   8455      0   4597   8716   7385    950   3962   3984   7525    906   8438   3159   2145   1383   8500   3084   7526   6587   3364    479   1896   2612   1639   7827   3205   2740   3932   1225   9084   5880   9433   2380   7979     51   7948   4479   3421   9184   1715   1956   7186   5383   1689   5598   4399    655    947   3449   2312    421   1754   9127   9372   2459   2619   5086    609   1637   2492    272 
  3507   3425   5348   6438    219   6521   2886   1031   1779   1530   9195   5386   1123   8850   7506   3276   2790   2124   8515    565   1889   4597      0   8721   3440   4609   5260   4739   1587   9887   6003   1502   7371   7918    365   8890   7521   1013    252   2200   4862   5922   7361   2772   1490   6744   4910   2873   1504   2221    427   5925   7774   9395    444   9788   3500   7461   6626   2050   4402   9157    626   6532   2927   1541   4147   2759   4927   2707   1339   8836   9868   5850    620    547   9833   5061   5194   3111 
  8392   7212   9468   9837   8422   2732   2714   8431   6608   6612   3864   9465   3762   1356   2877   3364    699   1075   1590    339   1317   8716   8721      0   5866   1974   8928   2425   9272   5303   9604   4999   1475   2126   8808   7247   8200   2167   2978   2264   5141   3902   7454   4145   9002   1803   4834    908    643   2114   9314   6972    355   6635    181   4110   3538   4061   8279   9237    810   2385    144   2074   2958    629   2276   2898   3708    670   6061   8529    709   9746   5350   7022   6634   7605    617   8327 
   909   8151   4893   3923   4021   6955   7069   5932   5864   3383   5118   7054   9426   9400   1008   5034    347   2163    403   4007   7582   7385   3440   5866      0   5096   4612   2139   3080    679   8432   7366    439   7152   4716   9222    722   7021   4312   1128   3116   9877   7343    560   5732    983   8544   2938   7399   3734   7865    419   7832   4038   2617   8632   1550   3014   4966   8079   1294   2222    621   8148   2745   6747    825   3415   2631   4632    726   6148   9701   9871   1767   2563   2172   5568   5013   2273 
  3334   3325   3716    623   5081   2617    534   9592   7047   9512   7751   2152    874   1640   3095   2523   6502    957   1720   2212   8210    950   4609   1974   5096      0   9795    193   4939   1693   9942    150   6382   8887   1575   8819   3313   7030   9270   4656   7641   8457   9452   2539   1629   1729   3181   3092   2769   4396   2253   2453   4052   1941     34   1264   9735   5562   7180   1773   5535   9117    881   7700   4414   6990   1020   9879   8749   6409    520   1444   9902   2588   5065   6617   1488   4252   4746   8408 
  9357   5688   1299   7960   8856   6973    511   1012   1088   3175   4595   1205   1524   6282   3687   7080   6854   2469   4598    412   1079   3962   5260   8928   4612   9795      0   3091   7897   7277   1774   1165   8798   9599   8430   3868   7133   1562    963   9343   2921    640   3205   3727   1382   1973   9899   4418   1774   6557   4306   9314    437   1862   8477   2650    288   6632   4845    306   1505    748   6627   5195   5222   5305   2915     78   6914   1029   8730   2865   4251   7835   1444   4538   1637   5368   2759   1352 
  6435   4912   3844   7803   1830   6663   5819   4731    955   3791   1549   7437   7763   6949    717    720   2955   1812   1307   8795   2303   3984   4739   2425   2139    193   3091      0    671    284   8756   9294   6428   5438   9486   6946   8357   7839    459   4534   8445   5794   1515   6118   6981   1291   9895   9763   2129   1446   7915   6030    697   9082   8215   6871   6324   5455   5282   8470   5394   1533   1327   6458   8889   7462   1189   1330    659   1525   6025   4633   9237   7784   1743   1798   1827   1386   1729   3059 
  1997   6909   2278   8948   1745   1423   9354   6429   6198   3665   4970   6797   3412    519    649    778   4289    297   6084   6041   1114   7525   1587   9272   3080   4939   7897    671      0   1138   1988   3230   8349   7373   6854    342   3949   7916   4258   7861   7045   6385   2601   4046   4462    677    152   2537   6176   1378    548   4416    962      2   8165   1094   6915   1192   5280   8409   1608   5133   7912   5098   7224    301   1622   8442    501   1715   9879   3831    701   1602   7175   8263   5697   5782   3499   1587 
  1247    683   4775   7596   8220   1665   4239   1039   9114   2588   1105   6993   7428    823   8783   3620   9592    749   4751   3032   9267    906   9887   5303    679   1693   7277    284   1138      0   3141   3914   4691   1223   5384   2458   8929   5225   4036   1260   3428   7113   5785   9834   2249    280   2405   4723   2483   8619   7224    323   8200   1169    950   9919   1407    818   8525   2725   6344   2107   7305    883   7899   5831   2964   1159   2612   4432   3618   1895   4910   1574   4701   4866   4111   5711   1534   5094 
  4481   5328   6585    540   3426   3387   3735   4493   1494   5815   2094   1055   9982   3212   8265    586   6093   8799   2053   5919   9216   8438   6003   9604   8432   9942   1774   8756   1988   3141      0   8227    768   1852   7474   3948   5258   4424   2191     73   6808     40   3931   2533   4200   6099   8582   3811   1416   3038   7952    599   3650   8469   4946   8503   9323   8973   9915   7618   2968   9065   7854    113   5810   5321   4202   9628   6123    106   1258   3182    657   4379   9118   4765    914   4845   2521   2995 
  6724   3039   7602   3259   1092   5743   1804   6156   1670   2328   5604   9430   9299   8101    301   9139   2758   6325   2371   7503   4062   3159   1502   4999   7366    150   1165   9294   3230   3914   8227      0   6641   6446   5820   9281    760    981   8707   2678   3373   7953   4734   5739   1034   5646    355    786   5688   2841   7138   1055   1196   2102    872   7669   2276   8878    839   6277   7171   5677   5734   5716   6730   7227   7813   1131   7209   9738   7923   7299    535   9729   4676   4753   3534   8743   7469   9824 
  1715   2275   2934   3346   1281   2440   2733   8794   2620   2353   7940   9299   4926   3808   2326   8813   6435   5417   6287   7263    832   2145   7371   1475    439   6382   8798   6428   8349   4691    768   6641      0   3371   5586   1282   1821   7012   9634   9537   4631   2602   2376   4479   8087   2528   4156   6627   3628   9628   6462   2578   9164   5694   7372   9323   4695   5871   3892    692   5949   1500    938   4980   6498   5618   6238   3393   4366   5819   7047   2205   9323   6362   2451   3789     58   2260   2658   8362 
  3266   9191   6772   7556   9779   1288   4190   8809   6866   8413   7167    882   3246   3832   1062   2453   5359   7167   2475    298   4808   1383   7918   2126   7152   8887   9599   5438   7373   1223   1852   6446   3371      0    854   5375   8432   8827   9708   2479   7170   6082   1353   1006   8772   6565   6693    603   9937    656   7008   1910   6211   6905   1675   1739   3804    276   2233   1005    949   5352   7062   2436   6982   6081   2903   3962   1686    872   9635   4003   2005    591   3457   3051   1431   3377    435   3923 
  9308   2940   9207   8233   2212   2123   8124    122   6078    848   7886   4925   4396   8679   5184   5657   5378   4684   4896    856   7662   8500    365   8808   4716   1575   8430   9486   6854   5384   7474   5820   5586    854      0   4098   1481   4482   1055   8426   7009   4507    761   1723   4366   5241   8842    151    282   2820   7611   2514   5842   3289   4710   3515   8625   1898   4114   8173   4460   4120   2910    438   6111   8399   6414   5830   8119   6209   7348   4538   2801   2471   1824    506   4307   9924   9370   2145 
  7216   4732   7304   8685   9644   4261   5907   3058   4727     93    127   1090   9349   6559   1851     30   6699   3180   2728   7284   8607   3084   8890   7247   9222   8819   3868   6946    342   2458   3948   9281   1282   5375   4098      0   6362   1595   1439   4220   8452   8611   2426   9942   9294   4456   1301   3250   5744    613   9745   5864   7047   2351   3201   3732   5986   4709   8877   7709    673   2949   5734   2210   1916   2017   1413   4987   5904   5427   7752   3261   1167   3469   8479   5726   8455   6885   1460   3771 
  9338   5061   9888    451   8737   2649   1740    786   7249   1334   3122    466   3623   2702    658   6086   6550   1519   8740   1778   8877   7526   7521   8200    722   3313   7133   8357   3949   8929   5258    760   1821   8432   1481   6362      0   1714   9904   6505    983   8528   7373   6823    454   6947   8356   4755   4297   7082   6639   7939   1243   2687   6953   4818   2700   6820   2437   2256   4845   4922   6624   6957   9900   1748   1002   5126   3090   8860   3122   7169   3337   4036   7392   8918   9298   6544   3528   5118 
  8625   1645   5017   1908   5137   7406   1802    765   1462   6735   3075   8722   1910   1349   4671   3826   8064   1717   2766    995   6527   6587   1013   2167   7021   7030   1562   7839   7916   5225   4424    981   7012   8827   4482   1595   1714      0   7703   2386   7549   6832   5437   8565   7090   2153   3582   9854   1288    828   7604   5407    995   1275   1928   5949    238   7476   9677    117   3857   1199   1976   4346   8577   4070   8689   2307   7992   8358   7295   1474   7461   7141   6672   3479   1718   8084   4663   8582 
  2100   7379     11    509   2330   7247    481   6276   7907   2559   1238   1276   5814   4407   5090    515   3249    947   2642   1770   9671   3364    252   2978   4312   9270    963    459   4258   4036   2191   8707   9634   9708   1055   1439   9904   7703      0   9492   1222   9753   4757   9198    337   1082   2363   3033   8325   7125   3173   2632    155   1914   8603   5943   8736   9403   6514   3677   3889   1177   7602   4241   3769    251   3339   9821   7224   8944   4948   4033   8598   1862   4324    778   6841   2602   5124   3908 
  3258   9528   8453   1077   7445   8888   4502    111    842   9936   4185   6134   4110    277   8077   4522   5448    640    636   7242   3773    479   2200   2264   1128   4656   9343   4534   7861   1260     73   2678   9537   2479   8426   4220   6505   2386   9492      0    434   4146   3860   8588   2782   9672   6013   5050   6780   7336   6823    509    458   4492   1323   9065   1797   8295   7739   1773   6288   6464    960   3512   5524   7921   1909   4974   1736    463   2274   5158   5667   7339   2763   6103   2688    505   8617   2003 
  9089   2730   9334   1134   1587   7894   8291   1363    628   8751   8451   6981   3578   6737   4316   1813   8808   9627   6663   7093   7324   1896   4862   5141   3116   7641   2921   8445   7045   3428   6808   3373   4631   7170   7009   8452    983   7549   1222    434      0   6705   3504   1176   4275   3991   2818   4323   3651   8176   3580   2718    416   4706    465   8690   7072   1974   5971   7294   2418   9769   7379   6379    695   6063    122   9680   6480    664   8407   4055   6216   4424   4042   5663   3220   2513   3233   8356 
   231    370   3125   1332   9505   1100   9997    446    786    305   1521   6339   3564   2870   8073   8817   7776   5170   5302    409   7509   2612   5922   3902   9877   8457    640   5794   6385   7113     40   7953   2602   6082   4507   8611   8528   6832   9753   4146   6705      0    265   1731   4002   9067   5517   2934   5689   8579   7170   7031   7476   1176   6207   6706    332   2841   3904   5535   2101    860   5183   6831   8872   5568   7652    488    207   6659   2522   6767   9858   8004   7250   6997   7041   8492   8237    757 
  6515   9066   5748   2294    700   2871   6669   5165   2883   5570   1165   1277   1383   3528   6773   6769   8528   4520   7015   2195   9817   1639   7361   7454   7343   9452   3205   1515   2601   5785   3931   4734   2376   1353    761   2426   7373   5437   4757   3860   3504    265      0   8386   1129   1269   2717   3483   1771   3596   3803   6739   8194   9784   8170   1397   1767   7373   2332   8901   3690   5116   5626   2839   8684   4284   9593   7245    685   7959   4847   8064   7448   2199   7911    770   5213   8449   2929   2930 
  9594   7850   9056   6256   7642   9904   1184   6419    302   4317   1765   6345   6978   2025   1627   6371   9165   2701   8800   4407   8098   7827   2772   4145    560   2539   3727   6118   4046   9834   2533   5739   4479   1006   1723   9942   6823   8565   9198   8588   1176   1731   8386      0   8208   1537   1645   6591   3504   1111   9928    626   4314   2369   6568   1462   7326   9658   9669   6202   8242   7538   1017   1449   9414   7359   9097   7560   1607   7955    691   2097   9768   5566   8970   7103   4365   1142   3535    314 
  1711   3951   8129   8490   1866   7973   9325   8494   1760   1380   9437   8823   8799   5695   3566   1368   3098   6359   3040   2177   4560   3205   1490   9002   5732   1629   1382   6981   4462   2249   4200   1034   8087   8772   4366   9294    454   7090    337   2782   4275   4002   1129   8208      0   8202   9509   4179   8147   9627   6419   2731   8259   5445   1173   2626   4144   3821   8245    388   5568   7271   8194   2666   8370   4785   2985   9186   2057   1024     21   9553   9643    572    452   2107   7066   7320   6075   4465 
  7908   4516   7286   7322   9136   2662   4699   3397   8035   8432   3045   4814   3454    242   4861   6381   6128   4729   4392   3613   2690   2740   6744   1803    983   1729   1973   1291    677    280   6099   5646   2528   6565   5241   4456   6947   2153   1082   9672   3991   9067   1269   1537   8202      0   1282    820   1004   9500   5267   5381    101   9144   2864   4821   9292    853   5896   5704    984   1418   8451   3854   8930   8971   1840   1887   5293   5261   7614    835   2738   2710   5816   3185   6288   3434   1397   4683 
  6982   4594   8678   7709   1511   1429   2450   7630   1094   3913   8802   6992   5185   6864   4634   2264   1968   5197   3468   8467   3725   3932   4910   4834   8544   3181   9899   9895    152   2405   8582    355   4156   6693   8842   1301   8356   3582   2363   6013   2818   5517   2717   1645   9509   1282      0   3459   2115   7200   1768    195   1281   6451   5394   3263   5506   4698   6224   5098   5859   6422   3830   9893   6647   2448   9788   2638   6855   2128   3916   7129     27   3196   6495    637   3911   3285   9994   6352 
  5992   3982   2645   9911   7779   1278   5982    542   4177   4185    482   8349   8068   6569   9836   7654   9553   6710   5076   2992   6670   1225   2873    908   2938   3092   4418   9763   2537   4723   3811    786   6627    603    151   3250   4755   9854   3033   5050   4323   2934   3483   6591   4179    820   3459      0   4073   7504   7605   5750   2962   6881   8908   6903   9539   4046   3177    447   8362   4946   8945   4139   5373   9775   7758   2161   6966   4952   5021   7984   8687   2878   8009   8456   3360   4090   1976   6412 
  7603   8335   8741    246   3751   1478   9378   9534    990   3522    775   6675   4390   1882   2152   3652   9162   1319   8918   7106   8130   9084   1504    643   7399   2769   1774   2129   6176   2483   1416   5688   3628   9937    282   5744   4297   1288   8325   6780   3651   5689   1771   3504   8147   1004   2115   4073      0   9894   5596   5956   4374   3829   2946   9643   3883   3633   9212   9274   7487   8714    110   8184   4091   3798   2294   8895   6205   1171   5743   5808   1055   5421   4502   6855   1323   3884    540   2300 
  5479   9458   5366   6127   2473   3299   2498   9355   7698   2253   7910   1392   2660   7894   6904   4616   5786   9143   1374   7546   6980   5880   2221   2114   3734   4396   6557   1446   1378   8619   3038   2841   9628    656   2820    613   7082    828   7125   7336   8176   8579   3596   1111   9627   9500   7200   7504   9894      0   4526   5121   5163   5484   1452   7090   6862   6631    339   6724   6971   1756   7219   4105    355   1441   4637   1594   6140   4662   1498   1382   8205   9916   4558   9675   1979   6690   5198    531 
  1366   2404   6731   5652    286   9772   3920   8306    690   5549   2417   4565   8050    727   6104   3473   6872   1799     59   6109   3498   9433    427   9314   7865   2253   4306   7915    548   7224   7952   7138   6462   7008   7611   9745   6639   7604   3173   6823   3580   7170   3803   9928   6419   5267   1768   7605   5596   4526      0   7251   7392   6814   9091   1399   7687   1215   8896   7661   5353   1031   7075     68   1765   9490   6367   6473   3365   7593   4992   7259   2123   4241   2454   2234   7433    870    225   5190 
  4253   2001   3683   8233   2761   9892   8543   5282   1865   3486   5794   9663     30   7399   4452   2250   2323   6635   3281   3833   2662   2380   5925   6972    419   2453   9314   6030   4416    323    599   1055   2578   1910   2514   5864   7939   5407   2632    509   2718   7031   6739    626   2731   5381    195   5750   5956   5121   7251      0   5072   5511   1919   6726   4587    789   9395   2694   6892   8439     40   2262    503   5952   5671   5520   4974   1925   7509   4376   2285   6168   2945   7561    102   2249   3883   4542 
  7312   7911   8980   4970   6308   1567   1841   2169   8938    151   5384     44   3925   4851   1617   5588   6341   7526   1129   2499    812   7979   7774    355   7832   4052    437    697    962   8200   3650   1196   9164   6211   5842   7047   1243    995    155    458    416   7476   8194   4314   8259    101   1281   2962   4374   5163   7392   5072      0   2127   9294   5800   5519   6858   9312   2373   1054   3205    889   1882   1714    259   8445   5954   5474   8763   6485     55   1844   8191   9922   8643   7864   5743   8801   3732 
   411   2583   8119   3013   7697   3274   7623   2101   6351    523   1996   4516   2622   4836   5561   7094   1278   4621   7694   3947    729     51   9395   6635   4038   1941   1862   9082      2   1169   8469   2102   5694   6905   3289   2351   2687   1275   1914   4492   4706   1176   9784   2369   5445   9144   6451   6881   3829   5484   6814   5511   2127      0   7695   4095   1114   9807   2497   8054   8830   7224    318   2504   4193    864   2979   4550   8485   6192   9857   3316   4328   2245   1689   4955   6479   3260    763   2753 
   469   7035   3147   5217   9392   1488   5003   8913   6959   7935    868   9632   1735   2392   6999   5163   3309   5669   5126   5038   1181   7948    444    181   2617     34   8477   8215   8165    950   4946    872   7372   1675   4710   3201   6953   1928   8603   1323    465   6207   8170   6568   1173   2864   5394   8908   2946   1452   9091   1919   9294   7695      0    499   1056   3088    501   2556   8354   9813   6894   2508   1767    282   4646   2639   8040   8443   2531   5520   8230   2061   3606   7406   5756   7260   8888   3568 
  4747   4187   8678   4293   3402   8465   4300   2807   7557   3604   4684   6258   9869   2423    220   7515   7139   9598   9589    318   4737   4479   9788   4110   8632   1264   2650   6871   1094   9919   8503   7669   9323   1739   3515   3732   4818   5949   5943   9065   8690   6706   1397   1462   2626   4821   3263   6903   9643   7090   1399   6726   5800   4095    499      0   3625   3187   1425   1173   4878   5500   1130   2911    677   1321   8069   2498   7138   2035   4123   3112    414   5506   1623    808   5585   3021   3057   4743 
  1127   1096   1713   5758   4734   9723   1920   7461   5385   2830   8848   6189    419   3054   9936   5619   8156   6912   5951   6455   8165   3421   3500   3538   1550   9735    288   6324   6915   1407   9323   2276   4695   3804   8625   5986   2700    238   8736   1797   7072    332   1767   7326   4144   9292   5506   9539   3883   6862   7687   4587   5519   1114   1056   3625      0   5487   1284   4573    110   2263   5562   2629   3117    520   7367   6964   8271   2756   3550   5859    799    841   8955   5337   6778   3133   6753   7007 
    52   1581    813   8343   1668   3855   9006   3748   4047   2429   1070   5313   4827   8255    894   2502   6281   2304   5563   4285   2624   9184   7461   4061   3014   5562   6632   5455   1192    818   8973   8878   5871    276   1898   4709   6820   7476   9403   8295   1974   2841   7373   9658   3821    853   4698   4046   3633   6631   1215    789   6858   9807   3088   3187   5487      0   1221   7642   5361   4081   5889    986   3149   8572   3854   5524    447   8100   7052   2888   7909   1332   8776   6919   1215   6811   6869   2998 
  1707   6913   1564    347   4042   4345   2329   9983   5895   7221   4157   9421   1953    573   2750   3823   5877   6206   6772   6572   2694   1715   6626   8279   4966   7180   4845   5282   5280   8525   9915    839   3892   2233   4114   8877   2437   9677   6514   7739   5971   3904   2332   9669   8245   5896   6224   3177   9212    339   8896   9395   9312   2497    501   1425   1284   1221      0   8378   5077   7274   6757   4734   6712   4316   8714   5094   9600    140   3379   2159   7404   4595    860   6660   8090    923   1405   7239 
  3019   1310   4417   6887    729   1855   1717   7716   5555   7265   1103   3320   3217   5580   2163   2109     50   9280   8685   5218   4127   1956   2050   9237   8079   1773    306   8470   8409   2725   7618   6277    692   1005   8173   7709   2256    117   3677   1773   7294   5535   8901   6202    388   5704   5098    447   9274   6724   7661   2694   2373   8054   2556   1173   4573   7642   8378      0   9585   7312   9671   7875   6317   6888   2528   9601   5424   1296   1037   2184   6983   4296   6576   5290   3050   2656   8978   4155 
  9926   6988   7432   9626   1335   5221   7633   2831   8538   8908   8901   1219   4676   2278   8728    647   4069   7883    881   8281    207   7186   4402    810   1294   5535   1505   5394   1608   6344   2968   7171   5949    949   4460    673   4845   3857   3889   6288   2418   2101   3690   8242   5568    984   5859   8362   7487   6971   5353   6892   1054   8830   8354   4878    110   5361   5077   9585      0   6023   6484   6034    564    657   5028   8382    119   8997   9032    833   4468   8109   9667   9070   1613     41   9878   6155 
  7196   4847   3452   3411   8239   2462    331   9548   7289   6208   8336   9238   1914    102   6267   1602   7973   9060   2113    502   6914   5383   9157   2385   2222   9117    748   1533   5133   2107   9065   5677   1500   5352   4120   2949   4922   1199   1177   6464   9769    860   5116   7538   7271   1418   6422   4946   8714   1756   1031   8439   3205   7224   9813   5500   2263   4081   7274   7312   6023      0   8054   9242   7271   2257   1440   5376   7138   7555   2374   7190   9039   5581   8072   1533    181   5887   1431   2118 
  4802    765   7357   4756   7743   5767   2305   9397   8610   8354   8115   3845   9654   2759   2862    276   5324   3609   5594   9248    934   1689    626    144    621    881   6627   1327   7912   7305   7854   5734    938   7062   2910   5734   6624   1976   7602    960   7379   5183   5626   1017   8194   8451   3830   8945    110   7219   7075     40    889    318   6894   1130   5562   5889   6757   9671   6484   8054      0   3295   2217   4369   4276   7340   3385     62   1968   7052   9635   2939   2254   2408   2320   6150   5617   4674 
  3367   8143    319   4324   7561   2800   9182   2171   1507   1908   3929   7186   2883   4404   8373   1248   8071   5361   1768   1335   9899   5598   6532   2074   8148   7700   5195   6458   5098    883    113   5716   4980   2436    438   2210   6957   4346   4241   3512   6379   6831   2839   1449   2666   3854   9893   4139   8184   4105     68   2262   1882   2504   2508   2911   2629    986   4734   7875   6034   9242   3295      0   1369   3050   6890   1614   4358   4555    118    400   8434   1413   5912   7239    625   1361   3749   4121 
  7760   5646   3788   9229   4636    304   4375   7287   7516   2683   4992   3273   6439   4275   8162   9647   7204   7610   2103   9479   1886   4399   2927   2958   2745   4414   5222   8889   7224   7899   5810   6730   6498   6982   6111   1916   9900   8577   3769   5524    695   8872   8684   9414   8370   8930   6647   5373   4091    355   1765    503   1714   4193   1767    677   3117   3149   6712   6317    564   7271   2217   1369      0   7589   6217   4206   1088   1580   9837   5907   7635   8174   5477   1078   3528   9110   4120   9421 
  6681   6478   6819   6708   1743   1608   8568   9107   7661   2404   5308   2340   2630   1424   5691   9914   6134   5750   9915   2709   4428    655   1541    629   6747   6990   5305   7462    301   5831   5321   7227   5618   6081   8399   2017   1748   4070    251   7921   6063   5568   4284   7359   4785   8971   2448   9775   3798   1441   9490   5952    259    864    282   1321    520   8572   4316   6888    657   2257   4369   3050   7589      0   1386   1342   6493   3756   1319   4592   6594   3105   7836   8474   3018     82   8675   7041 
  8351   9132   9487   4552   1670   3709   1473   6976   9872   8244   2779   4959   3803   1501   6543   6437   7655   2465   2155   2582    278    947   4147   2276    825   1020   2915   1189   1622   2964   4202   7813   6238   2903   6414   1413   1002   8689   3339   1909    122   7652   9593   9097   2985   1840   9788   7758   2294   4637   6367   5671   8445   2979   4646   8069   7367   3854   8714   2528   5028   1440   4276   6890   6217   1386      0   1450   2260   1932   2441   1206   7437    522   9811   3656   6652    977   2520   6050 
  2873   5922   8619   1847   2427    342   4984   9750   3948   1423   6775    745   4487   2194   9674   4143   1555   4264   2251   4397   3251   3449   2759   2898   3415   9879     78   1330   8442   1159   9628   1131   3393   3962   5830   4987   5126   2307   9821   4974   9680    488   7245   7560   9186   1887   2638   2161   8895   1594   6473   5520   5954   4550   2639   2498   6964   5524   5094   9601   8382   5376   7340   1614   4206   1342   1450      0   4695   4526    325   7318   3670   1142   3400   1682   8270   5922   9433     64 
  1102   6628   3905   3889   4482   1578   2409   6592   1695   3157   6488   8884    237   1418   9359   3022   7866   3252   4737   2346   8411   2312   4927   3708   2631   8749   6914    659    501   2612   6123   7209   4366   1686   8119   5904   3090   7992   7224   1736   6480    207    685   1607   2057   5293   6855   6966   6205   6140   3365   4974   5474   8485   8040   7138   8271    447   9600   5424    119   7138   3385   4358   1088   6493   2260   4695      0   8335   9370    428   5998   2257   8816   7638   1306    813    847   6814 
