
     0     71     93      8     56      4     56     17     37     25     83     18     14     47     76     65     59     77     23      9     59      2     13     10     33     23     50     38     22     52    100     79      5     67     22     21     88     64     24     93     31     19     41     51     91     77     56     88     13     78     27     37     23     75     96      7     42     38     56     95     37     16     54     52     12     12     80     68     75     34     68     67     44     48     39     86     73     63     49     38     10     95     63     66     10     29     28     16     24     68     92     60     89     37     62     59     97     42      6     93 


 1000000   8493   5403   5591   1926   6156   7364    833   6093   4898   9242   2202   5354   8407   5797   7336   4142   1632   6415   7428   6817   2407   3205    419   1718   5131   4189   5268   9452   6089   2872   5082   8694   4716   1194   9723   8300   9138   6695   4153   2675   8608   4752   2064   1066   5176   8398   1953   5415   4888   2750   2588   8497   8726    845   1203   9935   1241   9157    542   9937   7738   8521   5514   9597   4108   1326   6214   2524   1064   3658   7248    645   8317   8161   8604    474   1319   6909   4805    546   1662   1150   9544   3542   9473   1042   6541   7648   3795   6262    633   9585    373   7661   4545   2177   3461   3792   6176 


     0    220    154    450    246    526    282    902    744    484    854    153    664    572    608    238    842    665     71    897     27    489    206    331    700    674    447     94    388    354    199    167    385    863    329    897    608    539    108    491    105    668     29    343    529    409     57    194    243    320     81    949    963    564    518     70    927     32    261    673    908     70    226    649    934    526    780    780    864      8    809    871    474    483    899    171    416    664    733    464    914    898    383    961    203    649    473    546    987    727    552    465    492    362    452    885      4    569    496    307 
   220      0    962    826     28     43    222    521    277    956    270    514    696    219    979    952    798    377    591    288    562    726    326    350    717    214    617    320    976    821    433    910    243    708     88    358    822    495    867    930    589    314    272    509    976      9    265     44     35    933    207    946    412    678    984    608    930    405    443    675     35    780    207     30    116    120    769    890    943    154    249    143     33    324    114    842     17    932    475     18    857    722    364    179    897    129    152    936    418    990    194    357    283    742    743    136    545    253    937    355 
   154    962      0    389    713    356    430    143    806    999    180    790    743    906   1000     80    963    997     17    585     77    173    609    294    827    777    218    619    682    499    552    288    174    866    329     19    305    883    236    782     45    643      5    570    745      8    955    405    955    166    414    459    174    984    628    448    624    718    479    915    510    190    606    882    797    513    865    941    827    566    674    866    511    998    829    991    174    380    577     36    843    276    691    471    454    397    832    549    724    947    834    623    233     23    632    749    669    175    828    230 
   450    826    389      0    619    570    311    646    969    804    255    991    261    495    118    505    685    967     90    268    944    205     68    149    485    459    624    278    137    184     81    811    635    109    838    824    503    931    547    424     97     36     83     34    446    698    670    955    278    835     51    910    883    691     16    133    453    764    556    272    711      9    577    875    445     85    158    185    855    562    793    387    141    458    758    998    444    487     53     27    160     98    660    707     56    118    367    885    471     49    537    694    721    602    411    250    147    106    695    914 
   246     28    713    619      0    596    524    739    949    982    792    372    734     68    956    368    527     58     99    649    381    353    345    816    397    565    126    671    153    309    323    606    405    977    965    279    134    582    751    916    129    241    549    212    505     67    348    558    757    991    528    944     73     41    661    170    995    950    206    433    846    998    578    190     33    355    967    385    833    494     54    857    556    835    753    490    824    461    334    568    632    612    582    121    446    215    671    969     56    137    122    215    491    582    472    749    436    550    929    962 
   526     43    356    570    596      0    966    114    667    105    910    314    662     60     62    372    907    904    842    148    419    951    302     69    135    312    290    822    837     57    225    788    712    987    524    913    626     50    459     51    870    592    377    520    324    146    841    579    206     79    685    731    709     21    860    903    959    855    738    443    651    751    152    894    876    503    984    642    175    167    931     17    923    425    300    486     20   1000    750    408    525    166    514    517    187    222    862    117    202    988    217    178    382    624    792    829    416    844    834    843 
   282    222    430    311    524    966      0     99    195    138    379    130    826     78    259    822    688    518    844     30    798     12    844    547    984    188    492    243    212    156    116    802    759    636     76    211    451    148     90    986    941    361    330     50    747    613     77    482    475    843    141     35    337    196     70    718    212    965    632    164    758    757    917    474    603    591    771     13    884    605    248    212    132    298    611    458    252    965    916     97    270    394    764    177    536    135     17    970      9    183    246    368    418    386    152    750     81    532     46    173 
   902    521    143    646    739    114     99      0    260    665     95    114    693     62    896    938    859    973    217    719    182    253    896    796     48    676    694    256    293     79    144    683    265    355    407    384    208     28    796    190    149    393    701    537    918     11    133    288    199    255    161    191    240    476    208    828    467    827    126     42     10    133    240    814    212    417    459     29    474     64    358    992    512    911    772    842     22    366    200    840    909    588    948    313    564    254    362    362    289     98     82    858    921    416    271    336    898    547    824    466 
   744    277    806    969    949    667    195    260      0    738    149      2    272     39    394    306    176    865    428    525    970    188    252    410    230     29     27    958    358    124     54    515    915    262    517    908    701    248    603    482     92    780    375    377    258    704    624    767    369     59    802    639    202    962    135    674     42    597    203    865    926    139    697    398    768    636    720    819    786     23    502    706    713    301    359    679    945     41    164     81    870    754    618    451    936    995    900    332    809    431     54    885    499    957    699    612    654    401    449    602 
   484    956    999    804    982    105    138    665    738      0    511    989    934    405    475    201    412    210     31    867    904    195    808    128    702    973    722    612     98    716    658    892     98     93    211    312    895    336    596    449    651    682     56    474    477    782    759    472    258    370    257    281    345    963    551    174    290    489    259    142    779     69    502    709    822    496    795    223    897    209    409    703    134    309    365     89    484    948    905    856     39    220    623    219    764    257    805    637    593    771    845    201    601    926    937    255    128    649    409    992 
   854    270    180    255    792    910    379     95    149    511      0    202    782    587    176    229    113     87    727    642    589     43    189    697     89    171     73    770    691    960    629    512    582    649    960    554    289    626    103    336    212    256    650    530    456    969     81    409    104    743    288    968     22    365    225    759    241     94     68     27     67    195    185     87     69    547    600    682    899    188     22     12    945    796    341    765    986     73    551    391    560    178    785    809    582    750    920    999    210    736    268     81    649    200    261    160    754    455    138     84 
   153    514    790    991    372    314    130    114      2    989    202      0    132    308    875    137    988    978    217    565    422    485    812    754    421    490    963     14     67    860    150    883    911     35    911    260    273    178    181    710    712    996    873    188    487    908    997    663    583     11    989    369    279     23    115    880      1    269    123    593    573    597    158    847    638    637    627    389    131    566    744    856    946    388    559     33    822    866    818    956    522    420    652     52    535     21    530      9    165     85    853    335    549    649    111    189    787    228     52    734 
   664    696    743    261    734    662    826    693    272    934    782    132      0    988    590    671    519    736    722    616    157     10    128    517    354    252    884    205    161    186    323    600    355    880    384     21     82    739    940    371      8    302    200    829    336    519    435    773    756    738    242    193    706    668    150    365    608    769    677    211    958    861      6    512    375    494    204    335    284    907    183    948    265    784    264    160     15    414    353     62    318    711     62    170    158    873    348    109    443      1    777    790    651    763    664    100    114    454    462    231 
   572    219    906    495     68     60     78     62     39    405    587    308    988      0    170    172     49    773    167    660    111     84    200    831    827     23    927    793    728     92    322    170    202    863    272    150    207     68    610    555    675    395    693     35    498    427    575    777    998    420    336    181    924    371    926    389    579    233    718    672    100    406    783    119    152    663    204     72    244     11    985    812    932     72    817    614    527    480    113    324      2    386    367    533    418    348    454    449    843    913    799    414    194    224    184    192    148    467     40    173 
   608    979   1000    118    956     62    259    896    394    475    176    875    590    170      0    382    311    253    404      8    453    440    224    639    228    559    430    545     90    544    173     75    628    205    112    915     37    969    465    450    388    326    876    484    153    273    515    923    222    673    666    819    333    207    169    519    518    635    455    347    872    292    212     83    105    379    668    777    393    442    819    352    748    513    403    583    524    367    984    660    835    661    116    241    600    457    133    833    755    949    499    638    440    559     36    948    960    505    422    197 
   238    952     80    505    368    372    822    938    306    201    229    137    671    172    382      0    797    681    849    364    989    102    464    207     23    923    293    367    416    137    295    211    617    221    734     14    628    717    573    161    253    710    240    156    206    169    869    733    882    286     32    273    803    335    219     79    743     68    812    137    176    353    204     77    112    222     29    199    108    376    703    173    863    800    966    962    865    286    519    901    199    104    669    735    996    233     12    265    971    789    458    492    946    888    587     77    740    602    841    122 
   842    798    963    685    527    907    688    859    176    412    113    988    519     49    311    797      0      6    528    937    716    466    304    906    323    242    104     72      4     54    123    995    113    548    147     35    956    917    597    804    271    505    380    650    305    349     22    986    220    581    552    230    241     10    216    685     70    925    647    242    585    565    851    963    368    557    205    838    243    161    144    249    298    804     73    789    748    435    286    937    698    210    879      2     90    811    119     32    908    785    103    933    694    327    660     11    776    399    698    265 
   665    377    997    967     58    904    518    973    865    210     87    978    736    773    253    681      6      0    617    756     49    743    435    634    710    691     76    138    165    715    739    997    552    520     15    553    670    943    415    807    880    790    172    303    446    574    600    736    417     71    362    847    348    165    976     67    199    234    470    520    294    998    126    160    665    134    830    671    838     76    597    152    999    196    818    930    966     19    696    237    485    581    549     54    323    498     86    459    670     33    179    564    661     12    790    648    367    485     32    694 
    71    591     17     90     99    842    844    217    428     31    727    217    722    167    404    849    528    617      0    389    464    780     95    531    725    498    737    224    263    239    406    355     31    208    641    950    998    527      3    415    170    129    452    286    194    261    969    417    957     14    347    229    690    717    192    434    242     35    728    194    600    666    754    535    121    433    794     66    577     43     68    227    743     40    455    265    422    940    637    626    119     19    276    235    717    756      8    167    801    763    275    989    151    176    353    141    846      1     70     32 
   897    288    585    268    649    148     30    719    525    867    642    565    616    660      8    364    937    756    389      0    247    143    690    506    483    140    323    281    781    212      3    584    561    636    498    976    333    675    943    242    642     83    948    691    140    674    557    343    834     33    772    179    125     41    358    708    695    172    448    540    462    948    978    489     56    960    778    435    705    847    129    333    302    802    963     75    445    663      4     91    283    327     24    422    152    100    396    342    145    388    868    664    204    280    650    146    122    327    423    846 
    27    562     77    944    381    419    798    182    970    904    589    422    157    111    453    989    716     49    464    247      0    103     74    808    340    779     66    732    609    496    793    614    938    580    752    696    754    372    452    138    803    235    279    542    242    123    933    773    861    292    859     43    853    621    198    402     46    982    537    762    454    821    591    868    497    299    408    754    478    762    761    198    986    489    120    627      7    717    957    555    549      9    359    785    799    735     46    274    287    116    556     32     18     54    732    254    262    308    633    360 
   489    726    173    205    353    951     12    253    188    195     43    485     10     84    440    102    466    743    780    143    103      0    970     18    734     29    394    790    149    926    934     31    101     38    456    459    975    549    991    744     38    409    679    126    806    443    569    483    490     95    952    662    551    874    472     43    232    365    308     39    390    610    416    214    714    274    328    120    810    881    880    328    471    463    999    866    653    265    347    671    288    721    895    157    524    749    195     16    707    395    893    875    656    323     94     68    571    873    349    830 
   206    326    609     68    345    302    844    896    252    808    189    812    128    200    224    464    304    435     95    690     74    970      0    482    416    160    268    788     95    971    211    806    966    115    555    975    748     25    776    978    634     41     45    598    974     93    404    721    357    467    225    767      6    652    271    673     96    219    894    756    695    758    772    377    659    944    733    723    347    779    797     21    380    331    789    382    132    906    195    143    646    561    416    825    571    531    761    748    123    862    193    122     42     22     74     97    379    704     73    852 
   331    350    294    149    816     69    547    796    410    128    697    754    517    831    639    207    906    634    531    506    808     18    482      0    976    478    684    273    202    182      8    689     16    213    557    444    601    541    921    140    307    779    636    581    729    138    253    229     93     34    213    105    804    960    821    834     98    219    366    697    515    747    566    300    775    121    540    483    447    539    231    260    234     76    249    392    235    237    713    739    194    845    194    879     88    138    604    736     13    710    791    936    827    529    983    144    122    176    383    805 
   700    717    827    485    397    135    984     48    230    702     89    421    354    827    228     23    323    710    725    483    340    734    416    976      0    160    659    555     50    377    156    585    803    441     42    142    297    144    109    486    580    479    188    874     53    304    434    814    147    672    620    771    750    774    422    340    742     86    143    588     80    599    252    926    227    510    958    384    867    133    539    577    710    419    753    186    155    562    484    863    274    123    633    657    517      7    682    853    137    767    480    297    242    771     39     16    142    530    253    659 
   674    214    777    459    565    312    188    676     29    973    171    490    252     23    559    923    242    691    498    140    779     29    160    478    160      0    563    526    177    695    733    274    613    196      6    211    728      1    221    558     44    634    274    385    219    384     70    115    575    753    129     46    135     64    982    788    165    846    373    803    843    254     67    777    797    663      1    408    922    583    232    617    853    357    169     26    241    578    409    516     26    402    933    412    599     20    421    936    902    816    435    725    242    412     29    415    749    727    128    147 
   447    617    218    624    126    290    492    694     27    722     73    963    884    927    430    293    104     76    737    323     66    394    268    684    659    563      0     44    152    236    245    196    301    331     58    842    101    256    171    676    798    442    866    714     20    916    550     85    376    763     63    133    788    786    764    882    796    527    426    510    992    671    201    184     47    208    169    446    805    504    586    232     40    871    133    369    773    441    126    308    434    240    144    775    742    847     46    303    492    213    804    961    852     43    165    170    278    569     52    533 
    94    320    619    278    671    822    243    256    958    612    770     14    205    793    545    367     72    138    224    281    732    790    788    273    555    526     44      0    283      4    529    646    160    585    607     64     67    480    636    858    446    904    581    868    100    511    511    535    706    625    400    647    220    814    570    816     55    717    790    360    144    394     72    841    740    270    132    798     91    474    591    157    249    663    269    334    704    481    670    345    710    524     64    147     49    960    940    141    988    446     91    344    634    549    102    879    465    317    838    177 
   388    976    682    137    153    837    212    293    358     98    691     67    161    728     90    416      4    165    263    781    609    149     95    202     50    177    152    283      0    838    210    529    155     57    302    939    702    307     80    341    366    876     99    758    818    309    967    168    746     67    251    882    129    566    408    429    514    397    434    690    864    148    152     78    215    635     29     54    559    955    311    153     28    682    135    897    180    159    113    451    204    385    781    712    518    944    595    613     24    426    757    383    127     50    556     68    118    403    100    358 
   354    821    499    184    309     57    156     79    124    716    960    860    186     92    544    137     54    715    239    212    496    926    971    182    377    695    236      4    838      0     97    884    967    938    625    428    289     10    700    219    354    247    333    135      2    798    540    234    794     29    548    542     22      4     15     36    190    247    890     53     25    710    285    515     77    446    697     73    202    632      5    851    267     44    813    890     33    810    106    367    930    251    474    839    112    536    905    616    333     10    973    485    805    420    426    118    456     72    200    122 
   199    433    552     81    323    225    116    144     54    658    629    150    323    322    173    295    123    739    406      3    793    934    211      8    156    733    245    529    210     97      0      1    581    501    160    834    419    849    498    693    253    185    566    160     51    603     66     60    633    784    208    499    397    502    875    698    638    153     41    435    689    507    461     73    236    925    713    102    150     60    736    849    195     75    968    707    292    430    969    499    397    139    529    714    921    583    774      7     70    430    207     23    982    788    802    125    982    621     93    354 
   167    910    288    811    606    788    802    683    515    892    512    883    600    170     75    211    995    997    355    584    614     31    806    689    585    274    196    646    529    884      1      0    213    206    207    793    155    128    725    475    313    421    226    487    772     66    202    517    466    458    561    736    877    274    276    127    389    802    512    737     39    158    520    384    118    847    342    412     42     29    178    712     96    456    615    679    705    990    147    236    557    173    271    487    612    482    544    503    438    552    506    915    637    544    506    497    963    403    227    301 
   385    243    174    635    405    712    759    265    915     98    582    911    355    202    628    617    113    552     31    561    938    101    966     16    803    613    301    160    155    967    581    213      0    218    516    683    347    824    662    743    880    982    670    470    155    199     80    486    738    277     12    877    530    133    736    803    264    287    287    306    514    380    542    218     95    883    658    785     97    492    307     40    494    115    363     18    349    761    332    169    115    268    321     52    543    123    743    801    262     59    949    359    487    476     73    607    133    520    579     48 
   863    708    866    109    977    987    636    355    262     93    649     35    880    863    205    221    548    520    208    636    580     38    115    213    441    196    331    585     57    938    501    206    218      0    746    125    902    318    625    181    490    826    127    534    498    109    116    154    201    587    664    702    379   1000    812    308    699    847    258      4    324    232     77    893    290    220    204    839    822    766    702     89    972    223    589    734    839    748    117    620     47    293    254     85    695    725    418    671     41    417    629    640    490    312    290     52     21     68      2    949 
   329     88    329    838    965    524     76    407    517    211    960    911    384    272    112    734    147     15    641    498    752    456    555    557     42      6     58    607    302    625    160    207    516    746      0    244    399     23    204     60    447     67    494     32    804    194    355     36    339    184    408    160    681      7     70    253    730    743    425      9    168    732    882    891    548    906    413    205     58    870    281    892     33    685    595      3    924    915    612    673    743    560      7    211    398    828    986    222     85    424    153    290    669    238    721     71    355    917    113    711 
   897    358     19    824    279    913    211    384    908    312    554    260     21    150    915     14     35    553    950    976    696    459    975    444    142    211    842     64    939    428    834    793    683    125    244      0    239    290    250    827    424    246     16     90     30    381    645    520    154    553    309    425    510    281    181    891    902    286    988    604    617    794     23    789    923    270    127     17    266    756    431    112     82    896    102    327    975    738    826     22    241    296    938    625     28    192    427    254    406    455    459    469    365    980    967    878    154    267    627    515 
   608    822    305    503    134    626    451    208    701    895    289    273     82    207     37    628    956    670    998    333    754    975    748    601    297    728    101     67    702    289    419    155    347    902    399    239      0      8    172    599    771    209    740    122    716    162    280    701    126    135    706    717     51     66    984    331    916    224    292    849    372    641    806    573    228    135    168    981     14    548    481    916    710    642    395    542    675     96    452    207    385    987    661    838    188     12    954    506    258    786    668    809    939    727    153    143    228    800    299    755 
   539    495    883    931    582     50    148     28    248    336    626    178    739     68    969    717    917    943    527    675    372    549     25    541    144      1    256    480    307     10    849    128    824    318     23    290      8      0    123    238    610    724    616     64    544    473    593    936    575     10    133    578    105    136    384    737    549    126    271    645    247    356     44    832     55    260    982    166    943    163     36    809    526    476    951     70    551    949    273    840    565    336    585    542    216    200    786    110     90    648    998    267    647    538    698    719    587    516    266    541 
   108    867    236    547    751    459     90    796    603    596    103    181    940    610    465    573    597    415      3    943    452    991    776    921    109    221    171    636     80    700    498    725    662    625    204    250    172    123      0    897    507    470    820    903    631    341    718    291    369    489    173     40    973    736    142    683    708    130    379    326    812    537    304    555    216    159    250     84    340    294    252    746    396    561    207     11    487    911     84    982    887    708    849    218    435    635    383    157    262    394    169     46    641    595    978    892    451    380    392    644 
   491    930    782    424    916     51    986    190    482    449    336    710    371    555    450    161    804    807    415    242    138    744    978    140    486    558    676    858    341    219    693    475    743    181     60    827    599    238    897      0    442    780    261     32    977    856     10    992     70    395    985    249    470     88    885    190     77    216    567    906    660    528    932    747    441    657    423    535    224    726    488    627    263    492    823     89    594    876     93    140    967    581    149    780    837    759    400    643    810    636    349    324     71    175    946    797    356    813    238    431 
   105    589     45     97    129    870    941    149     92    651    212    712      8    675    388    253    271    880    170    642    803     38    634    307    580     44    798    446    366    354    253    313    880    490    447    424    771    610    507    442      0    162    535    709    155    358    362    934    758     67    385    977    900     46    311     42    499     76    711    893    244   1000    491    235    427    859    840    145    162    259    934    313     36    812    283    329    781    564    543    223    398    308     12    731    311     15     35    428    841    917    736    688    981    403    601    640    913     35    826    288 
   668    314    643     36    241    592    361    393    780    682    256    996    302    395    326    710    505    790    129     83    235    409     41    779    479    634    442    904    876    247    185    421    982    826     67    246    209    724    470    780    162      0    234    581    496    452    766    921    246    998    205    172     75    168    875    426    355    252    566    309    982    980     32    569    488    211    717    506    394    720    266    531    579    513      4    593    310    197    100    327    562    919    279    139    774    603    739    176    257    643    728    648    987    110    255    330    143    267    739     75 
    29    272      5     83    549    377    330    701    375     56    650    873    200    693    876    240    380    172    452    948    279    679     45    636    188    274    866    581     99    333    566    226    670    127    494     16    740    616    820    261    535    234      0    630     94    208    200    512    231    887     18    961    387    479    618     63    670    899    876     66    935    160    233    425      5     14    865    218    974    759    251    740    212    658    442    845    124    524    541    454     61    621    414    367    215    130    200    102    488    941     75    152    755    263    195     88     93    512    244     66 
   343    509    570     34    212    520     50    537    377    474    530    188    829     35    484    156    650    303    286    691    542    126    598    581    874    385    714    868    758    135    160    487    470    534     32     90    122     64    903     32    709    581    630      0    912    197    472    565    778    508    493    184    634    960    251    205    619    647    624     54    447    793    505    620    604    878    269    844    397    413    304    893    213    461    186    637    562    119     58    597    801    477    125    122    467    496    671    256    454    725     49     47    313    167    780    357    183    779    269    728 
   529    976    745    446    505    324    747    918    258    477    456    487    336    498    153    206    305    446    194    140    242    806    974    729     53    219     20    100    818      2     51    772    155    498    804     30    716    544    631    977    155    496     94    912      0    383    759      2    900    879    420    541    262    746    479    269    506    498     70    516    191    375    454    788    793    214     44    377    259    953     15    470    916    213    141    897    279    250    688    651    141    323    653    554    326    751     21     12    657    908    498    680    698    406    562    510    416    546    111     22 
   409      9      8    698     67    146    613     11    704    782    969    908    519    427    273    169    349    574    261    674    123    443     93    138    304    384    916    511    309    798    603     66    199    109    194    381    162    473    341    856    358    452    208    197    383      0    654     77    338    220    421    786    334    255    746      1    377    427    339    989    296    918    374    328    276    839    830    898    291     87    837    518    888    666    250    859    692    512    253     32    646     42    861     98    879    561    711    103    233    813    189    866    807    166    178    801    458    498     50    714 
    57    265    955    670    348    841     77    133    624    759     81    997    435    575    515    869     22    600    969    557    933    569    404    253    434     70    550    511    967    540     66    202     80    116    355    645    280    593    718     10    362    766    200    472    759    654      0    684    594    577    962    461    284    280      3     42    107    131    732    685    869    470    168    618    760    533     38    182    106    524    773    622    113    669    571    123    662    762    981    955    789    497    900     98    760    739    315    121    178    245      4    990    557    452    671     94    805    456    480    656 
   194     44    405    955    558    579    482    288    767    472    409    663    773    777    923    733    986    736    417    343    773    483    721    229    814    115     85    535    168    234     60    517    486    154     36    520    701    936    291    992    934    921    512    565      2     77    684      0    523    698    182    223    857      4    165    509    368     98    871    807    545    229    514    850    136   1000    126     37    827    334    139    333    159    874    834    449    763    779    839    602    760    932    668    241    780    223    469    196    579    889    662    374    290    185    446      5    204    957    703    221 
   243     35    955    278    757    206    475    199    369    258    104    583    756    998    222    882    220    417    957    834    861    490    357     93    147    575    376    706    746    794    633    466    738    201    339    154    126    575    369     70    758    246    231    778    900    338    594    523      0    715    911    998    272    820    326    259    976    707    854    991    924    877    688    631     10    548    144    659    722    730    207    561    107     18    659     82    193    294    646    857    807    511    653    523    325    159    535    931    840    716     88    277    871    580    126    299    187    383    747    378 
   320    933    166    835    991     79    843    255     59    370    743     11    738    420    673    286    581     71     14     33    292     95    467     34    672    753    763    625     67     29    784    458    277    587    184    553    135     10    489    395     67    998    887    508    879    220    577    698    715      0    860    349    713    773    609    449      1    270    725     42     69    783    524    718    736    780     75    166    754    104    803    982    497    331    648     52     95    553    300    796    961     10    174    160    145    159    355    417    338    600    700    899    924    498    976    850    945    469     64    302 
    81    207    414     51    528    685    141    161    802    257    288    989    242    336    666     32    552    362    347    772    859    952    225    213    620    129     63    400    251    548    208    561     12    664    408    309    706    133    173    985    385    205     18    493    420    421    962    182    911    860      0    821    966    332    428    151    421    972    842    862    102     28    299    873    848    737    535    100    679    249    486    682    572    177    236     48    400    919    975    843    308    345    400     97    254    213    537    450    386    796    144    940    480    477    521     73    480    136     41    871 
   949    946    459    910    944    731     35    191    639    281    968    369    193    181    819    273    230    847    229    179     43    662    767    105    771     46    133    647    882    542    499    736    877    702    160    425    717    578     40    249    977    172    961    184    541    786    461    223    998    349    821      0    399    514    504    547    534    557    902    351    713    702    450    876    202     38    212    911     84    660    796    572    976    138    905    703    152    798    820    312    959    915    617    997    210    801    430    328    191    199    110     57    314    382    188    993    349    219    136    180 
   963    412    174    883     73    709    337    240    202    345     22    279    706    924    333    803    241    348    690    125    853    551      6    804    750    135    788    220    129     22    397    877    530    379    681    510     51    105    973    470    900     75    387    634    262    334    284    857    272    713    966    399      0    398    760    810    581    404    976    162    327    857    567    837    289    523    963    673    431    381    632    680    203    541    698    445    634    357    611    557     27    583    203    768    620    516    197    632     41    179     75    597    127    713    787    772    141    982    570    714 
   564    678    984    691     41     21    196    476    962    963    365     23    668    371    207    335     10    165    717     41    621    874    652    960    774     64    786    814    566      4    502    274    133   1000      7    281     66    136    736     88     46    168    479    960    746    255    280      4    820    773    332    514    398      0    545      7    407    779    953     49    437    518    518    647    359    314    311     30    367    348     86    862     82    432    677    995    158    369    110    662    784    385    782    228    372    717    955    840    673    709    140    918    587     33    840    818    858    224     63    559 
   518    984    628     16    661    860     70    208    135    551    225    115    150    926    169    219    216    976    192    358    198    472    271    821    422    982    764    570    408     15    875    276    736    812     70    181    984    384    142    885    311    875    618    251    479    746      3    165    326    609    428    504    760    545      0    324    315    402    684    401    108    162     12    293      3    975    582     31    445    626    275    237     29    971    902    574    562    933    263    279    337    870    882    103    332    557    949    648    201     88    611    733    395    608    129    227    500    392    342    153 
