
     0     22     70     95     72     45     96     95     41     50     99     30     90      5    100     81     31     76     48     77      5     54     12     83     75     34     85     58     29     35     97     66     99     10     69     12     96     10      5     18     18     17     65      8     32     77     79     83      5     78      2     51     70     90     21    100     28     17     79    100      6     31     33     79      3     23     10     43     85     42     99     97     35     32     43     17     25     25     69     92     71     62      9     28     20     93     54     76     40     11     58     11     25     24     18     22      9     92     71     16 


 1000000     88      5     11     28     85      9     38     49     28     93     92     62     23     84     52     15     56     40     66     52     61     99     25     83     42     36     45     12     62     22     52     64     18     20     50      7      7     19     49     93     26     18     86     57     84     14     75     15     81     75     42     52      8     56      4     44     88     64     24      7     95     81     87     56     79     72     36      5     60     25     72     25     45     48     74     74     42     28     21     91      7     98     28      3     68     33     44     22     68     77     95     11     63     94     25      9     51     73     49 


     0   1332   9409    463   9184   9868   1963   7060   8034   4779   5582    974   5455   7412   1291   2157   1859   3579   3671   6534   5782   2179   3355    486    378   4683   5440   8981   2246    916   9451   3549   7217   8246   9382   4506   1522   1908   5345   7028   7862    636    696   2523   4194   3203   3413    627   8762   4480    679   3712   4098   3240    356   3699   7988   4330   2764   7077   4754   8332    927   1586   9133   3205    544   3418    741   8716    442   6676   2931   5376   9860   7812   1252   3161   2864   4622   1048   3871   5017   4043   4123   7049   1500   4667    354   6985   2902   8043   9721   4101   9119   7450   3211   3977   3559   2214 
  1332      0   1026   2651   1935    123   9937    399   5258   2590    175   3869   4516   4055   1749   1358   7730   3054   7178   5150   1963   9831   3117   2270   2038   8992   1444   2073   4709   6986   5044   2010   7089   6934   9761   7211   8887   6130   3463   9089   1538   8100   4313   1974   2090   2406   3480   8535   9564   4530   5015    223   1930    271   9805   1795   4981   8060   8491   7231   1689   2380   9808   3504   5656   1875   1370   3187   8139    864    447   8511   3045   2140    218   9726   7081   8866   2283    673   7118   8814   6425   9476   6592   7242   3530   6383     74   9942   8166   9087   9057   1528    567   1108   1780   5125   9012   2508 
  9409   1026      0   4305   7902   5711    479   2746   7998    412   9436   4297   4499   8244    564   7760   1739   6170   5717   8293   1105   5292   7770   5981   2055   9276   2753    199   4197   8272   3916   6603   3027   9049   4396    851   9924   3664   7722   6073   8291   9990   1784   1859   7778   2108   6376   4715    160    512    122   8850   7931   8442   7980   2134   1142   9367   8941   7970   2028   3461   3009   3735   1254   4879   3676   9017   5321   6601   7721   8155   8355   8943   7514   8430   1815   2506   3797   6438   7494   7220   1164   1694    129   1453   7180   3822   9436   1949   3963   4075   2373   1788   5916    943   2661   5871   8004   3353 
   463   2651   4305      0   1589   4708   4402   8279   4549   7072    202   8754   7129   2120   7731   5545   2645     30   5681   2497   3050    685    292   4332   2961   2039   1427   3529   8919   4030   6611   2924   2201   2896   5101   4493   3634   7751    911   9893   2562    145   1792   2583   6113   9820   3994   8813   5540   1413    578   8548   1151   7618   1452   5577   3228   1693    541   1892   8298   8850   3824   4068    314   5564   6589   8076    997    620   4070   6142    801   2666   8756   1286   4102   4063   5922   2713   2668   8115   5592   2142   1832    548   2938   9164   1078   3399   6113   2501   6248   4498   7194   5697   1231   2217   3086   8591 
  9184   1935   7902   1589      0   6169   3321   5457   2633   1467   3410   1470   8470   5537   5657   7763   3413   3236   5614   8825   4423   4364   8426     87   9165   2838   1148   8551   7538   8678   9876   1112   6059    208   2704   1878   5533   7971   3751    327   3598   5016   1587   4839   6592   5034   3298   5749   4010   5781   2591   8447   4312   5427   5325   3611   5508   8629    437   2792   9733   1678   3474    884   4793    758   5609   7551     14   5406   2157   8687   8502   8463   8979   2133   8651   4616    802   2560   8991   4327    302   2688   1272   6342    437   1743   8890   1290   8266   4906   9590   4904   8898   2101   9539   7417   1020   4751 
  9868    123   5711   4708   6169      0   8155   7648   3909   1459   2664   7081   5035   2226   8191   5411   1568   5629   2540   3921   4899   8150   3615   3069   5306   9161   5862   8526   7603   3799   6460   9260    412   2963   6561   8512   2225   9264   9387    209   6725   8778   2172   4397   6243   8516   4836   8724   5189    530   4073   3403   2341   7032   4661   1743   3828   6994   5440   7992    152   8437   4703   9217   6330   4726   4588    628   9551   4169   6454   1546   6214   8300   1738   7731   5058   8309   5987   6035   2537    361   6095   9870   4558   6062   3811   3141    554   2819   6337   3905   4657    622    295   2191   1155   9558   3739   4141 
  1963   9937    479   4402   3321   8155      0   2063    914   5412   7523    336   3057   5771   5429   8210   3435   2355   5159   5140   1896   1877   1442   4980   3104   1008   2679   2390   6194   5888   5969    293   3288   1453   4703   3438   8843   6598   7682   4793   8243     94   5875   2171   6369   5606   6857   5625   6864    732   9625   9646   1129    548     30   5776   8854   2277    412   8590   8665   6661    447    509   6669   2472   1753   5156   3181   9910    907   7045   3268   3179   8979   2686   9701   9508   9639   1504   8859   5687   9297    590   3267   6467   5803   5081   4072   8648   6572   3531   9919   8153   1860   3025   1060   3728   9140    637 
  7060    399   2746   8279   5457   7648   2063      0   2388    114   7265   1323   5933   5123   6618   2435   2035   9899   5192   8783   8051   2331   9750   6558   2733   8154   2720    841   5118      3    496   2244   7164   8483   8519   3225   7893   3374   8377   3792   2729   7810   8460   9939   9014   6927   1521   9856   6036   4438   3187   1902    370   4624   5664   5092   7633   1057    230   5894   8416   6766   7232   3811   1287   3771   4225   9069   5896    105   2847   9191   2450   6062   4451    100   5351   5670   9984   5742    816   2170   9858   8500   2879   4303   1896   5017    822   7553   1573   8426   1526   9903   8163   3502   7930   1529   6569   1716 
  8034   5258   7998   4549   2633   3909    914   2388      0   2165   1465   6111   3752   3480   6559   4527   7127   8920   1744   1246   1540   7472   6305   4154    491   2706   3647   2406   8581   8836   9713   6548   4283   6536    928   4850    639    876   8966   6936   8295   3860      7   3600   2284   9732   6220   3463   8468   8225    550   1955   5516   6314   5282   1589   4057   4275   1016   6865    383    195   1001   7675   6354   3903    201   6261    732   8661   4681   2198   2974   3741   4361   5388   3643   1564   6126   4292   1379   2907   9103   3401   6588   4104   8933   8699   8583   3146   8082   4050    144   2635    114   1268    726   9681    320   6002 
  4779   2590    412   7072   1467   1459   5412    114   2165      0    573   9037   2507   3018   8657   7400   6474   4488   8413   8554   1516   3837   4619   9900   6659   8741   3262   4049   6787    276   2188    480   1526    144   7169   4804   9907   7428    529   7223   8271   2324   5916   8972    435   3852   4216    493   6063   3022   5690   9493     94   5483   7382   4510   4091   1314   1928   4108   5298   4902   7266   1963   6875   5972   4184   2870   1860   1750   4857   5482    509    881   3791   6347    617   7413     26   7044   8930    518   7993   9620   6492   2566   3130   4871   7278   1861   6866    387   5085   9420   4943   1652    202   2534    733   3914 
  5582    175   9436    202   3410   2664   7523   7265   1465    573      0    989   3616   8775   1777   7875   4738   4656   6560   2133   1901   5200   3910   1418   3911    195   6161   6735   7749   2368   6417   8180    233   6406   2045   9225   1692   2317   9204   8122   5469   7018   2534   5399   6202   4387   7955    680   6062   1317   8692   2064   7611    355   5241    416   7546   5056     19   9310   9185    495   5714   2070   9220   7835    850   4960   3375   3522   1569    563   9522   5589   1475   5658   8173   9765   7002   6388   2734   8935   1040   7809   4792   4840   9094   1658   4870   4920   4082   6865   1585   5489   9396   1994    718   9720   6090   3689 
   974   3869   4297   8754   1470   7081    336   1323   6111   9037    989      0   4380   3126   6836    765   5148   1352   8234   2028   1985   1716   4733   9168   8969    557   1114   7536   3020   9514   8054   5890   5044     19    454   4513   7918   8525   6926   4315   2336   4054   6269   2045   8411   2739    390   2513   4675   7097   6753   6167   1117   8553   4259   4802   1928   7121    108    806    126   1200    304   7168   6332   2936   4919   5989   2175   2282   3368   1470    786   5181   3571   2515   1894   7167   3214   2902   5073    737   2962   4962     73   7325   7062   2388   6178   3609   9500   4106   9430   5457   9627   2858   4405   4145   5245    261 
  5455   4516   4499   7129   8470   5035   3057   5933   3752   2507   3616   4380      0   3837   8177   3850    909   7419   2565   4932   8355   6115   1028   9123   9572   7948   9767   3699   1158   7151   3814   7453   6030   2624   8430   6148   3620   6349   7654   2641   6410   2344   6468   5648   7690   4480   9130   1868   4463    996   5253   5432   1445   2314   6600   7535   3476   7852   2341    558   8265    596   5308   5344   5911   5114   2344   1659   2461   6251   8055   1561   6280   7868   7849   5096   1099   5631   4028   8214    668    452   5718    439   7826   2756   5972   7929   6109   8442   1729   4346   5653   6291    601   7943   5527   4903   1231   4088 
  7412   4055   8244   2120   5537   2226   5771   5123   3480   3018   8775   3126   3837      0   5132   1063   9500   3131   7002    570   1354    702   7472    915   8801   4816   2445   6596   6017   6233   8769   9033   4431   5385   7815    782   5252   9551   2386   4530   1683    826   1686   5120   6090    709   1369   3738   8029   7998   6426   8521   5166   4328   7954   1139   2575   8130    489   4876    556   8311   9706   5456   8771   7815   1179    575   1958   9877   2758   7705   7587   9634   6205   6300   7507    777   7836   5484   8417   4108   2944    594   9820   9823   6151   1976   3215   5748   3272    915   4399   4151   2998    129   4518   8731   4864   9237 
  1291   1749    564   7731   5657   8191   5429   6618   6559   8657   1777   6836   8177   5132      0   9407   8244   6923   6465    545   1141   2515   6388   9488   7228   9822   1300   9713   5004   5490   8604    973   9180   2602   9049   2857   2559    883   4977   4964   4915   5164   4950   1473   1709   6382   8986   8582   2324   7497   9714   9829   3884   9056   2431   5626   2214   5078   7210   6933   9831   9082   4544   4937   9141   2000   7311   2373   1817   8417   9200   2017   6513   5188     68   2636   3157   5486   7747   5589   5165   6790    147   7911   7536    349   9958   1865   7103   3821   4727   6597   5027   6511   9510   2072   8436   5971   7201   1370 
  2157   1358   7760   5545   7763   5411   8210   2435   4527   7400   7875    765   3850   1063   9407      0   9611   4282   8661    448   3003   6215   1126   5279   7851    774   5323   6114    103   8508   8717   8766   7367   1457   8064   2036   2479   4890   4691   3961   5401   9418   2005   8929   6704   5834    184   8194   2094    199   4779   3031   1495   8316   5858   5410   7863   5857   4456   6502   4154   8819    167   5108   3179    756   8790   7861   2606   9589    661   5784   8593   1682    710   8878   5568   2605   1516   2691   1016   1199   7447   7662   1711   1259   4720   7772   6402   8724   1458   2681    782   8049   7498   6687   5906   7166   8816    642 
  1859   7730   1739   2645   3413   1568   3435   2035   7127   6474   4738   5148    909   9500   8244   9611      0   9269    614   5526   4796   5075   8799    640    405   8638   3157   7476    678    963   5626    132   9055   3658   8973   1961   8614   1202   4073   1122   5698   8204   3456   7501    920   6550    152   6693   6804   5162   5894   4893   7995    920   1273   8060   2655   7665   7897   2601   2243   2118   6832   2008   5345   1024   5081   2853   7384   1136   3751   7344   7259   5546   4759   7993   2262   8941    793   6686   7891   2198   7516    931   5582   6726   8457   7265   8820   4689    322   2450   8977   7496   7018   4123   7019   3945   7367   3691 
  3579   3054   6170     30   3236   5629   2355   9899   8920   4488   4656   1352   7419   3131   6923   4282   9269      0   3338   5141   1846   1427   5882   3921    303   2278   6675   5281   9642   6626   3335   4274   8960   1295   7564   9767   7478   3800   1051   5430   9158   6376   2906   7411   8927   9398   4150   7309   6079   9028   1700   2215   5759   9316   7976   3658    895   2987   6085   5065   6098     58   2151   1732   8939   5738   4383   1841   8776   9545     14   9288   7295   4754   5860   3310   5848   3697    234   9684     90   7207    893   2496   1737   1594   7837   1531   1503   5473   8389   3389   2873   2398   4013   4134    324   1196   7981    350 
  3671   7178   5717   5681   5614   2540   5159   5192   1744   8413   6560   8234   2565   7002   6465   8661    614   3338      0   6104   6555   8099    415   7316   3449   2872   9473   7148   4755   8350   6086   6271    365   6382   3415   8268   4558   2112   6302   2327   1647   1291    949   3223    933   5407   7487    147   1164   4575   8293    989   1526   8979   2179   3198   4885   3246    244   9971   7717   6700   6283   7351    589   2367   5235   5457   5303   7035    410   2192   4446   2927   1273    949   1431   6246   4246   7905   5699   6349   5966   1039   8563   4214   8860   1380   9741   9486   2799   7541   2366   5834   3723   4056   7600   9016   9358   8415 
  6534   5150   8293   2497   8825   3921   5140   8783   1246   8554   2133   2028   4932    570    545    448   5526   5141   6104      0   2174   9492   8278   6849   2293   5705   5185   3162    461   6025   4389   7253   4808   6991   4800   9943   6410   6020   9491   5230   2489   1135   2682    859   5895   4194   1071   5741   5534    769   1711   1102   4315   1492    780   4514   7405    768   7413    286    303   9362   6035   8775    596   3389   6293   3628   5683   3428   2318   5045   3091    938   2733   7004    136   5337   2973   4219   7854    801   6590   9719   9349    163    771   7564   5789   7997   7213    522   7876   3223   2056   2751   7886   5006   2004   9638 
  5782   1963   1105   3050   4423   4899   1896   8051   1540   1516   1901   1985   8355   1354   1141   3003   4796   1846   6555   2174      0   2708   3360   6502   5280   8064   5912   4160   3600   7096   7946   7758   8236   1816   8258   8355   4849   6772   9449   2019   8070   4479   8776   2210   3685   1973   5233   1772   3622   8063   6203   4629    526    152    622   1492     87   2187   4574   1004   1584   7887    284    203   7927   7398   6554   2502   2084   7954   3949   5812   9497   3224    457     90   4599   1561   5368   3719   5523   5231   3916   1392   4923   3621   2375   2110    546   1258   5879   7367   2435   1030   1270   5370   5892   1133   5074   6287 
  2179   9831   5292    685   4364   8150   1877   2331   7472   3837   5200   1716   6115    702   2515   6215   5075   1427   8099   9492   2708      0   7561   4437   8921   4350    539   3874    200   6910   8633    249   5956   2881   6751   5589   5513    654   2005    596   5363   3470   7434   4869   1354   5722   8177   7989   2177    933   1660    584   4705   8102   3494   2405    899   1817   1286   3765     60   6023   7234   6285   4445   3458   5297    825   5402    837   9796   5964   9753   1595   2918   8101   7422   5838   9683   6563   6629   4851   4453   1565   7841   1940   5414   5451   2612   1613   1521   8488   1902   1915   2394   5324   3402   8866   6081   8117 
  3355   3117   7770    292   8426   3615   1442   9750   6305   4619   3910   4733   1028   7472   6388   1126   8799   5882    415   8278   3360   7561      0   8422    430   5793   6485   2530   8956   8863   9826   5852   5850   2832   4729   6138   1531   2122    916   2840   6319   6622   1806   3604   6355   5189   7428   3559    836   2186   7663   6053   1738    951   3966   9223   1825   9107   4633   1335   5547   9595   2707   3308   3957   9584    639   7336   6295   7744   6502   2336   3664   6504   7111   4074   2337   8697   3761   4364   5704   9689   1005   9668   1152   5916   5903   5651   6407   9395   6445   6158   5039   5300   4897   9030   9497   2443   1548   9206 
   486   2270   5981   4332     87   3069   4980   6558   4154   9900   1418   9168   9123    915   9488   5279    640   3921   7316   6849   6502   4437   8422      0   1982   5793   2747   2159    928   4987   8878   3808   7840   9845   6150   2392   3969   6831   7695   2175   5405   2215   4174   9827   9462   6856   6444   9344   4784   6930   8339   2690    797   4458   4888   5854   2344   5972   6794   2413    661   2543   4794   3244   7593   6130   9819   7218   1446   6084   7484   6624   2010   9712   5587   4302   6344   5002   2716   3892   9654   1291   6002    999   5624    292   9964   9270   1421   6610   2348   1940   3785   5725   4420   2407   8306   4742   2713   4385 
   378   2038   2055   2961   9165   5306   3104   2733    491   6659   3911   8969   9572   8801   7228   7851    405    303   3449   2293   5280   8921    430   1982      0   1247   7697   4765   1182   7693    736    743   4206   8003    657   9061   2388   2665    425   4645   1102   6276   1314   6256   8263   5861   8498   1368   3851   1282   8860    259   9209    373   7036   4872   3710   7620   7997   1337   3600   2864   1774   5730   7865   5457   8422   1152   2534   7121   4996   3749   7183   5112   6043   7883   5064   2600   3820   6839   1689   6970   9589   3920   1146   8937   1289   9055   8209   2109   6625    873   2287   2681   6242    427   9576   5321   8976   2069 
  4683   8992   9276   2039   2838   9161   1008   8154   2706   8741    195    557   7948   4816   9822    774   8638   2278   2872   5705   8064   4350   5793   5793   1247      0   7155   7238    898   2122   2162   8396   2471   3606   1491   9486   2760   2768   3271   4728   1630   4418   6369     53   5479   1815   7938   1858   3763   9989   8003   3218   7253    202   7907   7043   6311   3995   6963   3680    957   6827   4927   9688   2974   9592     14   1888   1359   4188   7917   2340   9249    946   5383   4531   1741   7959   6152   2379    141   7172   3860    834   4846   2521   2930   2902   2196   7595   5022   1864   6620    416   1405   2612   2169   9418   7154   3316 
  5440   1444   2753   1427   1148   5862   2679   2720   3647   3262   6161   1114   9767   2445   1300   5323   3157   6675   9473   5185   5912    539   6485   2747   7697   7155      0   5352   2691   3682   9350   4485   1800   3812   9626   1907   6088    381    944   2567   2782   3625   7265   5989   7565    685    780   4478   9868   3979    884   7336   7538   7958   1928    751   5764   2855   2035   5707   7052   4592   6437   5459   5451   9632   6274   4738   8594   9655   1497   2855    125   7884   1767   1810   6545   5947   8620   1549   7991   2675   9054   1176   5561   5216   9693   5496   7021   9413   5526   2017   3679   1709   1579    834   7780   8707    163   3153 
  8981   2073    199   3529   8551   8526   2390    841   2406   4049   6735   7536   3699   6596   9713   6114   7476   5281   7148   3162   4160   3874   2530   2159   4765   7238   5352      0    588   3439   2510   7207   7143    643   4508   3134   1691   7765   2734   2345   1012   1230   9436   8676    109   8084   3561   5421   7917   4244   4947    801   6166   9298   6656   5354   3770   2021   3429   9768   3742   1005   8056   1295   3652   2727   3176    480   1795   3923   3962   1883   5386   8724    472   7301   8900   1898   6789   1157   8893   7115    676   1043   7430   3127   2538   1540   4118   7373   7424   6896    754   7593   5037   2405   9645   2848   6371   8529 
  2246   4709   4197   8919   7538   7603   6194   5118   8581   6787   7749   3020   1158   6017   5004    103    678   9642   4755    461   3600    200   8956    928   1182    898   2691    588      0   8370   5405   7048   2955    513   2749   3656   5905   2377   9033   5466   1112   6725   5683   7839   8656   8650   7700   6770   5223   8623   1524   9948   8240   2573   4410   8726     67   9753   7605   1909   8888   2256   3003   6801   7199   2130   2625   1398   8578   9234   7834   2974   9775   1132   9956   9710    943   9256   1793   1424   2779   4494   9746   8017   9968   6714   6937   8924   8193    481    416   2358     93   7012    708   5323   1265   3381   8951   9784 
   916   6986   8272   4030   8678   3799   5888      3   8836    276   2368   9514   7151   6233   5490   8508    963   6626   8350   6025   7096   6910   8863   4987   7693   2122   3682   3439   8370      0    800   7496   5382   3835   6640   6475   7830   9848   4904   5240    149   4172   9432   3578   6271   7863   2409   3407   2158   9333   2933   1277   8119   3966    376   2759   1250   5855   5112    353    216   2424    514    674   3027   5399     54   8986   4017   7189      4   8083   3481   1055   5415   7901   2147   2167   2818   9444   7489   8187   9289   3460   7139   6662   2130    640   8859   4470   4780   8239   8332   9373   4288   6072   8089   2316   6134   5072 
  9451   5044   3916   6611   9876   6460   5969    496   9713   2188   6417   8054   3814   8769   8604   8717   5626   3335   6086   4389   7946   8633   9826   8878    736   2162   9350   2510   5405    800      0   9420    956   9866   3057   2309   5407   4271   1356    773   8359    915   2642    154   2085   7268   2991   1788    660   4674   7288   2040   4534   4086   9639   6491   1599   6690   9252   9394   4833   9850   3013   1761   4055   6738   9225   4817   6166   5625   5249   8974   2016   2276   6305   3344   7691   5727   8773   3194   1553   2560   5895   2496   7785   5693   1791   4077    358    913   6795   4500   4333   8409   4034   3878   5837   3636   8372   8997 
  3549   2010   6603   2924   1112   9260    293   2244   6548    480   8180   5890   7453   9033    973   8766    132   4274   6271   7253   7758    249   5852   3808    743   8396   4485   7207   7048   7496   9420      0   5098   9643   5524   3158   3467   3246   3064   8989     36   4064   6047   8676   2454   6197   7908   3437   8789   7274   4882   4521   7818   9844   1848   9705   6730   7868   1231   3732   4870   4969   1609   8808   9573   1503   8300   2085   2254   6024   1039   7751   4218   2226   2997   2371   2922   8456   8567   2341   7716   9811   8198   7449   5363   6067   7505   2807    767   7593   6803   9938   8938   6536   5537   4179   9790   3533   8802   2403 
  7217   7089   3027   2201   6059    412   3288   7164   4283   1526    233   5044   6030   4431   9180   7367   9055   8960    365   4808   8236   5956   5850   7840   4206   2471   1800   7143   2955   5382    956   5098      0   4371    811   6608   4567   5396   3466   9678   3536   8964   1905   8601   4353   2029    370   5668   6531   3593   6327   8958   3111   9092   1962   1431   5162   7810   2138    547   2078   6012   4763   5198   5879   2257    893   5472    341   2634   4354   3554   2080   8574    505   5298   9961   4791   3791   4163   8864   9556   7062   6888   3120   6113   9735   4898   8258   2164   4197   8056   2673   6873   5843   7527   9402   3104   3097   6058 
  8246   6934   9049   2896    208   2963   1453   8483   6536    144   6406     19   2624   5385   2602   1457   3658   1295   6382   6991   1816   2881   2832   9845   8003   3606   3812    643    513   3835   9866   9643   4371      0   1944   3988   9233   2266   4734    655   7911   4201     85    204   3760   9660   8359   5053   1643    231   9612   4606   6375   4397   2131    201   7604   7736    404   8300   7965    469   9445   7783    100   3348   8826   4186   8527   9790   8881   1630    243   1879   1613   4227   6207   8310   2354     26   4827     18    865    179   1730   8992    341   8266   1404   3050   2910   7357   2863   8881   3134   3616   1512    582   2561   5253 
  9382   9761   4396   5101   2704   6561   4703   8519    928   7169   2045    454   8430   7815   9049   8064   8973   7564   3415   4800   8258   6751   4729   6150    657   1491   9626   4508   2749   6640   3057   5524    811   1944      0   3205   5813   4256   4373   2245   5923   4008   3956   8675    906   2231   4709   6608   1698   1128   4041   3424    690   8800    221   1575   5719   7641   1172   5587   2259   2717   2674   2172   2025     70   2043    314   9128   2948   2667   1126   7718   4399   6551   3717   2879   2799    244   8369   5582   6153    230   2394    603   4076   3611   6556   1254   2475   4169   1728   1970   4492   7941   8312   5733   1473   2245   1910 
  4506   7211    851   4493   1878   8512   3438   3225   4850   4804   9225   4513   6148    782   2857   2036   1961   9767   8268   9943   8355   5589   6138   2392   9061   9486   1907   3134   3656   6475   2309   3158   6608   3988   3205      0   8702   4933   7816   8253   1368   4186   4772   9964   9838   1218   4225   3959   7471    428     83   7351     20   6784   5197    643   6192   6797   4676    191   2327   6481   7153   3093   5249   2857   1916   1666   8144   5307   7572   4691   3072   6273   4211   9360   6495   9768   1762   1385   4189   7176   8841   3087    405   3733    954   1669   2556   7031   8317    423   6745   5221   1726   9370    678   4584   9942   5493 
  1522   8887   9924   3634   5533   2225   8843   7893    639   9907   1692   7918   3620   5252   2559   2479   8614   7478   4558   6410   4849   5513   1531   3969   2388   2760   6088   1691   5905   7830   5407   3467   4567   9233   5813   8702      0   5702   1518    600   8431   1751   2300    525   4394    505    312   6113   5583   3583   3895   6270    474   6789   5779   3305   7784   1699     32   3548    720   8817   3440    597   6927   7611   8516   9741   5383   4263   8901   8618   1625   7348   7106    504   5328   8629   5372   5285   5649   1757   1279    508   5393   9917   7202   6660   5143    460   6930   7194   4386   6775    682   5308   9708   5433   9718   8631 
  1908   6130   3664   7751   7971   9264   6598   3374    876   7428   2317   8525   6349   9551    883   4890   1202   3800   2112   6020   6772    654   2122   6831   2665   2768    381   7765   2377   9848   4271   3246   5396   2266   4256   4933   5702      0   2176   9660   2377   5955   8889   9135   5341   5469   4045    570   2586   6501   5912   4145   7065   2521   9804   5173   9098   1874   4055   3936   4819   6141    806   6258   7147   3228   4122     87    294   1230   6185   6828   4754   4459   9000   6338   4851   5109   7430   7905   9179    667   2091   8896   2189    575   3441   9812   5986   3483   1762   6551   7836   7343   4371   7546   5386   7101   7969   4702 
  5345   3463   7722    911   3751   9387   7682   8377   8966    529   9204   6926   7654   2386   4977   4691   4073   1051   6302   9491   9449   2005    916   7695    425   3271    944   2734   9033   4904   1356   3064   3466   4734   4373   7816   1518   2176      0   5548    520   9338   8111   3960   5195   4893   7507   7757   1942   2917   6849    263    670   6834   5188   6322   6837   4890   4034   9204   6311   2431   8216   3317   8886   1090   5561    304   1656   8743     38   5055   9551   4105   3263   3043    137   4736   9450   9378   1322   9553   3795   8838   3078   2486   8757   8946    771   3278   4376    742    558   9927   7100    101   3388   7513   2628   4693 
  7028   9089   6073   9893    327    209   4793   3792   6936   7223   8122   4315   2641   4530   4964   3961   1122   5430   2327   5230   2019    596   2840   2175   4645   4728   2567   2345   5466   5240    773   8989   9678    655   2245   8253    600   9660   5548      0   6371   3638   1270   4361   4202    736   6674   7403   1551   2554   4464   2076   4199   1394   9775   1951   1979   8318   3595   7203   4672   2741   3086   2177   6712   2273    698   5766   7367   5202   5718   6465   1640   1237   8439   6048   5953   1094   7376    327   7075   3138   4173   1409   1591    273   7692   2843   2373    530   1949   8046   9206   1800   4283   2972    637   1653   1995   9390 
  7862   1538   8291   2562   3598   6725   8243   2729   8295   8271   5469   2336   6410   1683   4915   5401   5698   9158   1647   2489   8070   5363   6319   5405   1102   1630   2782   1012   1112    149   8359     36   3536   7911   5923   1368   8431   2377    520   6371      0   1873   7333   9204   3116   9838   5356   4304    365   6348   6515   7346   4688   1871   4368   8456   7210    113   5173    626   7106   1244   6715   2627   8859   9564   8446   3960   4945   8485   8251   2230   1558   6321   2088   4873   5565   7020   1204   2650    135   5299   2720   2128   4014   4778   4893   5450   5279   9212   1782   6299   7148   9257   2464   9926   1298   2074   2288   8284 
   636   8100   9990    145   5016   8778     94   7810   3860   2324   7018   4054   2344    826   5164   9418   8204   6376   1291   1135   4479   3470   6622   2215   6276   4418   3625   1230   6725   4172    915   4064   8964   4201   4008   4186   1751   5955   9338   3638   1873      0    566     88    876   6436   3286    190    965   9147   8782   3996    916   6588   5848   2782   7668   8513   1417   6619   9216   7082   5688   1170   4637   2604   8801   1826   4761   1934   1290   8664   3476    832   9124   1726   2495   6205    934   1330   4308    322   1157    789   3557   6415   7798   4373   8168   4093   7896   4668   4305   6305   4477   3866   1585   1008    248   5280 
   696   4313   1784   1792   1587   2172   5875   8460      7   5916   2534   6269   6468   1686   4950   2005   3456   2906    949   2682   8776   7434   1806   4174   1314   6369   7265   9436   5683   9432   2642   6047   1905     85   3956   4772   2300   8889   8111   1270   7333    566      0   4751   4994   2428   3023   7172   9820   7795   1664   4076   5848   2989   2116   4699   9639    667   5567    653   7290   9483   5712   1570   2174   9573   2644   4056   1558   9189   8012   1018   6989   2027   6236   8808   9243   3648   5509    152   8103   8875   1844   2444    702    516   1596   6340   7442   3175   6786   7894   4327   8669   8040   3004   7929   2150   9019   2062 
  2523   1974   1859   2583   4839   4397   2171   9939   3600   8972   5399   2045   5648   5120   1473   8929   7501   7411   3223    859   2210   4869   3604   9827   6256     53   5989   8676   7839   3578    154   8676   8601    204   8675   9964    525   9135   3960   4361   9204     88   4751      0    610   6105   1616   1873   4059   2560   6684   9167   8608   8782   1011   9734    409   9780   1732   2422   5430    547   7810   5670   7018   9667   3814   2360   1963   9093   8195   9214   6713   4756    409    538   6716    241   6590   1933   4211   2624   3370   8825   9738   1470     18   5480   9947   3045   6166   7458   7417   8850   2702    746    760    709    771   1897 
  4194   2090   7778   6113   6592   6243   6369   9014   2284    435   6202   8411   7690   6090   1709   6704    920   8927    933   5895   3685   1354   6355   9462   8263   5479   7565    109   8656   6271   2085   2454   4353   3760    906   9838   4394   5341   5195   4202   3116    876   4994    610      0    128   3226    314   9182   2980    567   6486   9701   6926   8117   2142   1222   1309    883   2252   3872   5841   8552   8616   4102    725   3559   3044    697   7838   9929   5513   4631   1236   4758   2689   4675   9774    582   9670   7974   4130   8950   9530   1158   6541   7757   7544   8612   1088   2816   8508   1163   1148   1139   5726   4550   5230   1330   5637 
  3203   2406   2108   9820   5034   8516   5606   6927   9732   3852   4387   2739   4480    709   6382   5834   6550   9398   5407   4194   1973   5722   5189   6856   5861   1815    685   8084   8650   7863   7268   6197   2029   9660   2231   1218    505   5469   4893    736   9838   6436   2428   6105    128      0   4978   8894   9792   3849   9237   8420   8158   6584   9630   8412   1103   1597   6733   9436   6091   2110    677   1891    384   5973   3520   2228   7329    993   6178   8147   6312   3101   9090   5055   4254   4736   7301   3808   3182   8151   4252   1395   6837   1456   7088   6275   9006   8729   4380   5578    524   7704   2026   3096   7032   5131   8673   5283 
  3413   3480   6376   3994   3298   4836   6857   1521   6220   4216   7955    390   9130   1369   8986    184    152   4150   7487   1071   5233   8177   7428   6444   8498   7938    780   3561   7700   2409   2991   7908    370   8359   4709   4225    312   4045   7507   6674   5356   3286   3023   1616   3226   4978      0   5676   7778   1326    351   5423   5324   6065   9200   2579   2047   1595   6829   6348   6156   9909   2183   4611   9986   7075    155     11    368    378   1107   6978   1777   2062   8531   6395   8323   7344   5443   1466   1689   1478    600   5792   9810   1596   1304   8904   6793   4251    461   4274   6734   2519   4681   7647   4068   1006   7867   5806 
   627   8535   4715   8813   5749   8724   5625   9856   3463    493    680   2513   1868   3738   8582   8194   6693   7309    147   5741   1772   7989   3559   9344   1368   1858   4478   5421   6770   3407   1788   3437   5668   5053   6608   3959   6113    570   7757   7403   4304    190   7172   1873    314   8894   5676      0   4812   3039   7520   1461   1778   2872    365   4210   1686   3347    844   3427   3693   2898   6149   6243   6809   7882   2415    951   9110    285    999   7912   8822   1707   2960   7235   4815   2762   2715   9582   4260   5683   8184   6172   3297   6240   6254   7716   9722   9348   5959   8174   5046   4315   1887   1567   7704   4899    990   9862 
  8762   9564    160   5540   4010   5189   6864   6036   8468   6063   6062   4675   4463   8029   2324   2094   6804   6079   1164   5534   3622   2177    836   4784   3851   3763   9868   7917   5223   2158    660   8789   6531   1643   1698   7471   5583   2586   1942   1551    365    965   9820   4059   9182   9792   7778   4812      0   1118   2713   8532   2486   1421   2103    196   2549   2556   5918    100   6036    976   7711   3876    129   2216   5343    413   7355   4233    251   8203   1909   7916   8616   2654   3597   5639   1471    125   8062   1385   7640   8635   4723   4666   7190   2511   2349   1297   2674   2606   3065     56   9066   7244   7466   2557   3052   8082 
  4480   4530    512   1413   5781    530    732   4438   8225   3022   1317   7097    996   7998   7497    199   5162   9028   4575    769   8063    933   2186   6930   1282   9989   3979   4244   8623   9333   4674   7274   3593    231   1128    428   3583   6501   2917   2554   6348   9147   7795   2560   2980   3849   1326   3039   1118      0   7837   2618   2575   6865   1486    919   5617   2617   4597   4894   8663   4787   4166   4927   1937   7909   4552   5988   3757   5127   6053   5336    462   2144   5603   2195   5773   1111   2976   5866   9167   2758   2611   5108    616   1409   3346    191   2063   5896   6639   9812   1922   5657    840   4280   1101   9513   6174   8421 
   679   5015    122    578   2591   4073   9625   3187    550   5690   8692   6753   5253   6426   9714   4779   5894   1700   8293   1711   6203   1660   7663   8339   8860   8003    884   4947   1524   2933   7288   4882   6327   9612   4041     83   3895   5912   6849   4464   6515   8782   1664   6684    567   9237    351   7520   2713   7837      0   3606   6212   2660   1576    875   8883   7322   5387   8862   5709   1035   7365    417   3425   1093    305   1982   3170   1817     13   7161   5940   2227   3108   8937   9750   6938    124   3090   2096   2522   7828   4616   8575   3521   7209   2432   6782   5096   8760   8216   3143   1139   5960   3225   3930   2507   1336   4826 
  3712    223   8850   8548   8447   3403   9646   1902   1955   9493   2064   6167   5432   8521   9829   3031   4893   2215    989   1102   4629    584   6053   2690    259   3218   7336    801   9948   1277   2040   4521   8958   4606   3424   7351   6270   4145    263   2076   7346   3996   4076   9167   6486   8420   5423   1461   8532   2618   3606      0    893   6347   9415   1511   9989    904   2019    706   4259   8133   7892     27   5330   5271   5673    747   4128   6181   3106   7813   8058     67   1504   1488   2925   7904    842   5407   8074   3741   2465   7842    729   3199   3878   2642   5234   2648   7690   9847   1016   5217   6694    957   2678   4828    716    967 
  4098   1930   7931   1151   4312   2341   1129    370   5516     94   7611   1117   1445   5166   3884   1495   7995   5759   1526   4315    526   4705   1738    797   9209   7253   7538   6166   8240   8119   4534   7818   3111   6375    690     20    474   7065    670   4199   4688    916   5848   8608   9701   8158   5324   1778   2486   2575   6212    893      0   7726   2232   2125   2163   5951   7652   2876   5184   9206   3833   9347     11    681   1490   8020   8577    703   7598   8099   7777   8196      9   8561   8448   9260   6870    396   1858   8629   8640   2853   3093   8865   8386   5265   4785   4724   6468   3268   8047   3547   1015    795   5942   5902    115   5161 
  3240    271   8442   7618   5427   7032    548   4624   6314   5483    355   8553   2314   4328   9056   8316    920   9316   8979   1492    152   8102    951   4458    373    202   7958   9298   2573   3966   4086   9844   9092   4397   8800   6784   6789   2521   6834   1394   1871   6588   2989   8782   6926   6584   6065   2872   1421   6865   2660   6347   7726      0   2348   1783   3281   5988   1068   3650   5972   3136   7443   2871   4124   3772   1169   8694   1820   2044   2717   1683   2010   6582   7447   2433   3864    368   7669   7683   9426    954   2871   7841   6553   6648   5021   1272   2941   7907   3595    165   2256   1056   1082   3138   3130   6352   8722   3874 
   356   9805   7980   1452   5325   4661     30   5664   5282   7382   5241   4259   6600   7954   2431   5858   1273   7976   2179    780    622   3494   3966   4888   7036   7907   1928   6656   4410    376   9639   1848   1962   2131    221   5197   5779   9804   5188   9775   4368   5848   2116   1011   8117   9630   9200    365   2103   1486   1576   9415   2232   2348      0   9288   1081   5973   4953   2826   1044   7774   2624   1467   7465   2186   9687   1394   3112   9095   2699    937   8073   5771   2186   6093    662   6135   1796   7623   4791   1389   5989   7929   1342   1278   1728   9164   8356   5079    398    136   7299   4157   5398   9635    677   3047    575   9903 
