
     0     79     19     66     16     20     68     80     86     80     74     21      6     24     73      8     59     34     10     31     78     70     15     37     65      2     45     15     50     82     65     69     22     41     13      6     31     63     16      4 


 1000000     85     47     33     94     36     97     24     60     60     87     74     40     80     47     61     45     36     13     44      4     51     28     16     11     73     81     83     56     66     75     86     26     92     95     43     88     31     10     22 


     0   4240   7671   4154   9435   4766    490   2246   6694   4114   4044   3094   1157   7722   7854   1756   7951   8895    675   7182   1242    480   1873   3918   4442   2978   5720    791   6480   2343   8193   6507   7248   1326   7305   8028   7187   2074   2078   4264 
  4240      0   3662   5990   1192   4969   1682   5960   5355   7981   1797   2948    395   7298    401   5284   8081    229   5900   5125   1037    108   4727   9188   9212   3713    842   2505   9533   8816   4831   6499   1998   9028   8398   1029   3420   1006   7770   9553 
  7671   3662      0     74   5222   2698   9827   6113   8293   5833   4208   5512   3427   3617   2767   1462   6989   2213   9095   4806   7307   7038   6649     90   4768   7545   9360   7251   9345   7055   8184    447   1211   5460   8572   2516   5022   9956   5907   7804 
  4154   5990     74      0    975   7322   5116   1681   8990   5699   7048   3498   3156   5970   7832   6838   1280    709   3175    425   2018   4184   8906   7557   5064   1383   2486   6634   3480   2778     17   7600   6591   6780   8109   7316   1272   1101   1105   6818 
  9435   1192   5222    975      0   1135   7544   6889   3826   2679   5015   6399   2661   1129   7861   4810   5553   9056   2820   4776   1963   7537   8736   2279    980   5295   6963   3353   2343   8943   3675   4967   6674   3000   2616   2198   7715   2814    154   1752 
  4766   4969   2698   7322   1135      0   3765   1983   4810   7189   7882   1086   6263   2059   6203   2256   6276   4610   2237   4084   3761    916   7126   2023   1703   6667   2017   1527   3975   7260   7006   7862    996   2579   2189   5715   2896   9952   4812   5380 
   490   1682   9827   5116   7544   3765      0     36   2289   7438   4119   4820   4273   7742   3114   1058   7440   9477    761   9473    595   8888   4151   2670    511    149   6367   2153   1841   5151   1611    122   6128   6312   5797   2433   4806   4798   3998   6286 
  2246   5960   6113   1681   6889   1983     36      0   7947   8985   4700   5266   8580   4643   5480   7349   3691   7497   7895   4490   6831   9185   4520   3680   5133   9596    382   4442   1648   1518   3423    320    886   7179   4989   8263   5716     36   5156   2206 
  6694   5355   8293   8990   3826   4810   2289   7947      0    108   6738   1573   2171   5420   4322   5552   2853   4554   6673   1783   1955   2909   1113   3858   1605   2174    397    302    977   4624   4994   4826   5600   4588   5678   3956   8249   5393    405   2992 
  4114   7981   5833   5699   2679   7189   7438   8985    108      0   9054   1643   3169   1145   2934   5778   6066    188   8954   4309   5638    225   1684   2663   7946   5245   8693    201   4689   8821   1957   7561   3572   2468   4720   1899    955   4864    319   4325 
  4044   1797   4208   7048   5015   7882   4119   4700   6738   9054      0   4266   9528   8372   2352   4543   9633    554   6717   2107   5826   6253   5236   6815   2525   2485   8772   9289   6880   4712    247   2863    140   4880   2260   9883   8116    122   1641   5943 
  3094   2948   5512   3498   6399   1086   4820   5266   1573   1643   4266      0   1385   8001   9081   3547   9141   5386   8964   2612   1989   2561   3077   8246   6795   4564   8240    885   8419   4302   1692   7697   2084   3110    270   3568   4427   1145   2136   3968 
  1157    395   3427   3156   2661   6263   4273   8580   2171   3169   9528   1385      0   3124   1765   7872   9069   3161   7655   6772   3119   4094   1767   5134   2919   6365   5922   8547   8763   2542    152   9457   9552    218   2679   2424    360   9298   9319   6856 
  7722   7298   3617   5970   1129   2059   7742   4643   5420   1145   8372   8001   3124      0   9244   6122   9448     77   6043   2266   2217    504   5315   1334   5705   5055   5262   6237   3939   4214   4801    720   3829   9054   4274   9333   8497   6413   5543    668 
  7854    401   2767   7832   7861   6203   3114   5480   4322   2934   2352   9081   1765   9244      0   3224   8047   1878   6543   2452   7357    586   5632   8549   6124   8195   7135   7101   7448   7921   8554   6943   7664   1362   8072   9238   3716   3081    680   8914 
  1756   5284   1462   6838   4810   2256   1058   7349   5552   5778   4543   3547   7872   6122   3224      0   9374   8337   2390   4296   6334   5379   4015   1610   8953   5956   8038   6371   2211   2083   7638   1112   2555   7152   9978   5723   5240   3920    667   8994 
  7951   8081   6989   1280   5553   6276   7440   3691   2853   6066   9633   9141   9069   9448   8047   9374      0   8881   5745   1688   9752    849   1912   1675   2801   7595   9155   5450   1459   3371   3835   1548   7411    543   9242   9278   3086   9860   9246     21 
  8895    229   2213    709   9056   4610   9477   7497   4554    188    554   5386   3161     77   1878   8337   8881      0   1561   2197   7052   2629   1066   5648   5832   3329   9544   3530   7379   9829   1249   4212   5398   2338   1018   9582   4030   1209    348   8605 
   675   5900   9095   3175   2820   2237    761   7895   6673   8954   6717   8964   7655   6043   6543   2390   5745   1561      0   6712   2218   9196   9832   3023   9182   7659    136   5844   4931   8224   9487   2204   4806    866   9065   9968   2630   9114   2513   4337 
  7182   5125   4806    425   4776   4084   9473   4490   1783   4309   2107   2612   6772   2266   2452   4296   1688   2197   6712      0   4823   8713   7638   6970   8341   6389   4511   5978   1947   7769   7274   8066   4787   2206   8844   3228   1791   7764   5333   6668 
  1242   1037   7307   2018   1963   3761    595   6831   1955   5638   5826   1989   3119   2217   7357   6334   9752   7052   2218   4823      0   6024   6725   3875   6027   8582   9308   8346   6433   8928   9361   1744    402   1350   1880   9118   8317   5788   7338   7636 
   480    108   7038   4184   7537    916   8888   9185   2909    225   6253   2561   4094    504    586   5379    849   2629   9196   8713   6024      0   7121   6760   8052   7085   1280   1213   8975   2916    424   7962   4128   6373    303    158   2752   5352   2111   6685 
  1873   4727   6649   8906   8736   7126   4151   4520   1113   1684   5236   3077   1767   5315   5632   4015   1912   1066   9832   7638   6725   7121      0   7022    507   3586   1321   6467   8750   8463    281   8630    804   9382   7822    658   1991   9752    935    900 
  3918   9188     90   7557   2279   2023   2670   3680   3858   2663   6815   8246   5134   1334   8549   1610   1675   5648   3023   6970   3875   6760   7022      0   2667   2458   4962   2105   3463   2588   9204   2854   6640   6356   1227   5898   5527   1456   5891   3857 
  4442   9212   4768   5064    980   1703    511   5133   1605   7946   2525   6795   2919   5705   6124   8953   2801   5832   9182   8341   6027   8052    507   2667      0   7796    812    407   4986   3300   1584   1002   4363   4544   6670    788   4899   3919    810   9345 
  2978   3713   7545   1383   5295   6667    149   9596   2174   5245   2485   4564   6365   5055   8195   5956   7595   3329   7659   6389   8582   7085   3586   2458   7796      0   6305     46   8730   1000   5330   9677   7871   4920    336   1980   9924   3560    281   5479 
  5720    842   9360   2486   6963   2017   6367    382    397   8693   8772   8240   5922   5262   7135   8038   9155   9544    136   4511   9308   1280   1321   4962    812   6305      0   1399   9168   4413   8318   5750   2755   2301   6777   1932   1855   8160   1883   2172 
   791   2505   7251   6634   3353   1527   2153   4442    302    201   9289    885   8547   6237   7101   6371   5450   3530   5844   5978   8346   1213   6467   2105    407     46   1399      0   8070   2518    308   9100   1982   5170   7709   6549   3031   2452   4062    762 
  6480   9533   9345   3480   2343   3975   1841   1648    977   4689   6880   8419   8763   3939   7448   2211   1459   7379   4931   1947   6433   8975   8750   3463   4986   8730   9168   8070      0   1324   3877   1331   2663   1293   8390    672   7756   6299   1435   2640 
  2343   8816   7055   2778   8943   7260   5151   1518   4624   8821   4712   4302   2542   4214   7921   2083   3371   9829   8224   7769   8928   2916   8463   2588   3300   1000   4413   2518   1324      0   2601   6436   5859   5573    156   8000   5547   2988   1673   9020 
  8193   4831   8184     17   3675   7006   1611   3423   4994   1957    247   1692    152   4801   8554   7638   3835   1249   9487   7274   9361    424    281   9204   1584   5330   8318    308   3877   2601      0   8804   6895   3609   3958    385   1072   5094   3497    102 
  6507   6499    447   7600   4967   7862    122    320   4826   7561   2863   7697   9457    720   6943   1112   1548   4212   2204   8066   1744   7962   8630   2854   1002   9677   5750   9100   1331   6436   8804      0   2435   1461   2522   9997   7164   7252   1762   2778 
  7248   1998   1211   6591   6674    996   6128    886   5600   3572    140   2084   9552   3829   7664   2555   7411   5398   4806   4787    402   4128    804   6640   4363   7871   2755   1982   2663   5859   6895   2435      0   1578   5446   4957   9649   1027   1053   1028 
  1326   9028   5460   6780   3000   2579   6312   7179   4588   2468   4880   3110    218   9054   1362   7152    543   2338    866   2206   1350   6373   9382   6356   4544   4920   2301   5170   1293   5573   3609   1461   1578      0   4246   4928    471   2487   6806   8795 
  7305   8398   8572   8109   2616   2189   5797   4989   5678   4720   2260    270   2679   4274   8072   9978   9242   1018   9065   8844   1880    303   7822   1227   6670    336   6777   7709   8390    156   3958   2522   5446   4246      0   1980   1726   3571   4423    727 
  8028   1029   2516   7316   2198   5715   2433   8263   3956   1899   9883   3568   2424   9333   9238   5723   9278   9582   9968   3228   9118    158    658   5898    788   1980   1932   6549    672   8000    385   9997   4957   4928   1980      0   2737   1285   6944   4562 
  7187   3420   5022   1272   7715   2896   4806   5716   8249    955   8116   4427    360   8497   3716   5240   3086   4030   2630   1791   8317   2752   1991   5527   4899   9924   1855   3031   7756   5547   1072   7164   9649    471   1726   2737      0   3572   4975   3923 
  2074   1006   9956   1101   2814   9952   4798     36   5393   4864    122   1145   9298   6413   3081   3920   9860   1209   9114   7764   5788   5352   9752   1456   3919   3560   8160   2452   6299   2988   5094   7252   1027   2487   3571   1285   3572      0   2039    504 
  2078   7770   5907   1105    154   4812   3998   5156    405    319   1641   2136   9319   5543    680    667   9246    348   2513   5333   7338   2111    935   5891    810    281   1883   4062   1435   1673   3497   1762   1053   6806   4423   6944   4975   2039      0   4432 
  4264   9553   7804   6818   1752   5380   6286   2206   2992   4325   5943   3968   6856    668   8914   8994     21   8605   4337   6668   7636   6685    900   3857   9345   5479   2172    762   2640   9020    102   2778   1028   8795    727   4562   3923    504   4432      0 
