
     0     32      4      7     89     50     67     90     38     78     84     51     63     28     73     75     24     79     56     26     77     21     65     92     37     92      9     15     14     95     44     58     38     84     33     52     66     48     25     91     75     64     13     23     66     38     66      2     56     34      7     68     75     95     81     28     75     53     39     53      9     48     27     95      4      9     84     69      5     75     10     50     54     64     91     36      4      2     26     55 


 1000000     44     25     26     55     33     95     95     79     99     26     33     47     27     11     14     18     95     54     93     12      7     86     93     11     71     86     25     74      1     10     65     48     49     93     16     21     68     14      2     12     29     19     46     96     55     40     87     74     87     40     44     37     22     82     53     10     53     80      3     97     99     66     42     44     50     94     26     89     10     27     81     22     83     68     96     92     22     66     50 


     0   1504   3656   1377    596   7299   5878   2514   9069   5645   2170   5397   9340   5789   2389   1475    899   3017   9767   5337   2516   4984   6644   5973   2461   7617   4694    480   8840   3652   8594   4251   8275     55   1293   9758   4348   2307    898   7951   7888   6704   8572   1008   6661   3742   3481   6172   3157   3125   8610    914   2508   6399   3045   6403   4308   8643   4388    761   2960   5861   8130    616   3271   6269   7020   2425    835   6421   7893    548   6233   7159   5605    622   4122   3525   5364   4755 
  1504      0   5162   5962   7122   8165   5423   2466   7177   7621   3021   6245   4470   2562   6961   1785   9493    768   7323   6793   1787   1161   9904   8464   4841   9626   1392   6922    686    855   5252   3980   8380   3665   9947   6514   6527   4809   1973   3850   9098   3924    256   6751   4548   9282   7778   4025   5953   2505   4215   1106   2628   5159   7596   9243   3877   7224   2156   3201     78    196   3162   5930   9803   9293   4815   4292   8594   5975   2454   8735   3024    632   9172   9321   9236   4498   3004   8859 
  3656   5162      0   1553   9118   2003   7058   8815   5483   6768   3248   9601   1943   3287   4340   5054   4541   6086   3879   6600   1824   1344   7176   1170   8662   2281   6218   8401   2392   6131    412   2000   9193   4279   1784   8954    453    246   9792   1234   5068   5393   4182   8006   6175   1047   3211   2964   8889   2910   7083   2668    769   1540   3110   5415     47   7527   1841    535   1037   4531    382   6848    688   9435    281    518   1847   4474     52   1319   2563   2106    501   2011   5031    437   6590   4474 
  1377   5962   1553      0   3953   2108   8478   8830   2825   4453   8406   7498   4714   3849   8669   5497   3262   6509   1352   5562   2015    351   1044   2764   5195   8949   6950   5509   8487   2354   8805   9768   2951   5193   5782    792   2317   4502    216   2838   9552   7865   9440   2434   3582   4789   7911   5216   5716    168   9346   6008   8077   2333   8915   7444    650   2208   6894   1861   2465   9472   3214   2518   9864    554   7689    900   1203   1572   6433   2140   9693   2761   2652   3015   6051    707   8294   1314 
   596   7122   9118   3953      0   4375   2350   4917   9362   8419   7499   9020   2167   6619   8754   9125   6206   2600   7453   1528   5036   6722   3266   4817   5400   2478   7152   2177   5577   4088   2700   2850    881    626    925   9457   7881   7934   6933   6983   7342   2760   1394    169   5307   5303   4597   4017   7688    565   4337    763   7954   1037   6039   5268   9899    948   7424     16   1684   9066   3372    443   2681    451   3273   5794    397   1649    998     66   9446   2693   6378   7617   8331   2694   4479   6475 
  7299   8165   2003   2108   4375      0   3227   3744   8820   4384   1601   3039   3090   1676   3318    526   6462   3430   1462   1979   8575   3133   1142   8845   1777   5376   4037   4570   3129   8748   6785   7217   2699   8604    700   3039   4650   9771   8592   8624   7486    605   3232   2291   7371    575    656   2531   3456    652   7301   3971   7006   4225   6769   1001     43   5491    905   5694    646   7679   5480   2741   5724   6817    504   6074     92   7242   7326   4637    966   8555   2567   1071    570   3031   1921   5692 
  5878   5423   7058   8478   2350   3227      0   9951    824   1291   4440   7169   2624   1680   2287   9567   8178   7265   8887   5141   2642   4962   7545   5942   5162   1062   3632   1757   3358   6286   7552   8853   2115   7950   8219   8646   1243   5969   3376   9842   7843   6912   3813    768     64    237   9942   4199    855   4614   5197   1405   6717   7975   2852   6193   2990   9855   7497   7639   4353   5639   8849   2019   8843   2958    832   3529   7475   2201   6360   7683   4822   2874   6304   1010   8347    112   1382   2905 
  2514   2466   8815   8830   4917   3744   9951      0   3993   3071   7768   5736   1351    575   6223   7205   4405   8522   8780   6160    362   8865   1879   4760   8285   2558   2566   5881   4054    560     59    376   5784   4819   4385   2609   4872    592   5896   7007   8977   5220   5231   8700   5290   9363    929   2058   4423   1167   1314   5554   1584   7220   1867    956   3664   1415   7028    639   1678   1535   4530   4410   2272   7011   1554   1779   2638   3205   2948   8479    869   5038   7242   4065   5645   1482   9347   8952 
  9069   7177   5483   2825   9362   8820    824   3993      0   7277    518   1027   7251   5517   5273   4213   5142   2955   1120   9923   5939   3874   4461      5   2465   3976   8944   2328   5169   1943   2791   1105   8882   5022   1732   4482   2641   2360    157   4028   1206   1949   7304   3798   4188   3560   3671   1724   8672    584    193   2443   4188   4234   6450   1355   8501    871   7044   2254   9235   6986    271   1880   7663   4932   8670   1423   5667   8212   9154   9397   4493   1104   3644   4835   8036   1641    838   1848 
  5645   7621   6768   4453   8419   4384   1291   3071   7277      0   3552   1886   4082   4034   9300   1951   2390   2557   2669   3844   9126    665   3632   6495   9875   1424   3856   6080    612    792   1422   8807     19   7285   2373   1087   8586   2067   1973   6824   1278   6674   6911   2485   7932   3475   8385   1815   8786   3298   1939   3001   2703   2388   2290   4798    846   7762   7147   5928   4783   6342   6923   2586   8680   9701   3526   1296   8107   9982   5141    701     40   5698   2692   8917   8278   2260   2828   8683 
  2170   3021   3248   8406   7499   1601   4440   7768    518   3552      0   7149   5139   8397    429    518   8805   7871   9055   1269   9093   6809   5621   8102   5616   2386    821   7767   7757   8983    972    646   4091    957   8768   9948    287   1033   9702   6888   5678   2749   3011   5071   4279   7556   9128   8403   6788   1776   2026   7010   8258   2770   8288   8882   1647    603   3153   1530   2740   4898   2412    499    931   1573   1049   2672   1986   6116   7040   4155   2808   9771   8088   7921   4327   6208   6850   7422 
  5397   6245   9601   7498   9020   3039   7169   5736   1027   1886   7149      0   9770   1373   9303     12   2737   7310   7968   7898   1259   9261   9284   4761    579   2541   1591   5499   2525   5109   3168    430   2514   2782   7883   2934    987   1488   7264   9913   6298    104    564   8336   6671   8301   9310   9996   7417   2293   8988   7318   5067   3090   1751   5562   4609   5537    932   3797    226   3957   6349   5981   7160    991   2863   3009   8574   6994   2261   3042    313   6278    916   3296   2970   5706   3304   5529 
  9340   4470   1943   4714   2167   3090   2624   1351   7251   4082   5139   9770      0   1827   7470   3822   1774   9175   1088   5923   9815   2807   8166   2077   1545   8106   6476   7416   2630   6924   3055   4596   1092   2186   6890    397   9841   2204   5184    539   6919   9636   9930   8139    187   2902   3250   9693   2827   6248   2688   2767   9479    556   4291   5881   1824   6796   5299    490   9759   7445   6406   9379    824   4998   7744    754   8928   6906   9631   1281   2443   1428   4358    736   3626   4987   6857   7505 
  5789   2562   3287   3849   6619   1676   1680    575   5517   4034   8397   1373   1827      0   3428   7206   4362   3314   9827   5113   2898   2416   6337   5184   9026   5289   7299   9003   3595   8258      5   5675   7628   9083   9462   9532   4779   8671   1110   6899   5574   6384   8815   1529   3403   2913   8993   1224   5781   9734   3906   1142   8089    970   4788   5951   7761   9903   8487   3752   9527   3194   1665   2209   6117   8431   1148   7065   6444    219   2784   7320   4434   7665   6497   1689    352   2487   1867   4039 
  2389   6961   4340   8669   8754   3318   2287   6223   5273   9300    429   9303   7470   3428      0   3659   5954   8076   6250   1857   1743   5505     33   7576   6946   4341   9553   9763    900   1926   9775   1525   4680   2537   3898   7257   2655   9791    524    529   5533    728   3731   5823   4778   8553   6875   5138   2574   4777   4381   5778   7991   2049   9389   8814    172   4724    609   6676   4534    443   8413   8130   6541   4421   1831    507   9153   1389   8135   9421   1003   1645   3326   4753    323   8019   4747   7171 
  1475   1785   5054   5497   9125    526   9567   7205   4213   1951    518     12   3822   7206   3659      0   1954   6994   9657   2084   5578   3835   7004   7788   6164   7276   4061   6069   3706   5496    885   4485   1094   6440   7303   1835   2107   8226   7264    940    690   9927   3554   2734   3336    626   3695   9910   4822   2718    835   7054   7888   1048   9654   7850   6033   2950   6160   7789      7   2294   6509   7877   5483   8779   4162   4767    356   3412   6048    887   6812   6799   2137   4942   4482   6429    784   5010 
   899   9493   4541   3262   6206   6462   8178   4405   5142   2390   8805   2737   1774   4362   5954   1954      0    274   4325   4086   5930   4753   9726   2370     16   7565   3241   6096   7875   1476    204   7325   4332   9684   2165   8129   9647   4723   9757   9182   2102   8880   4027   8664   7209   1945   2412   1334   2865   9166   9200   2984   7998   7989   8376   8440   7878    303   5725   2165   9184   5371   9363   1934   8608   9273   3406   7868    245   2482   8692   4083   5088   2006   9461   8442   7719   2054   5256   4456 
  3017    768   6086   6509   2600   3430   7265   8522   2955   2557   7871   7310   9175   3314   8076   6994    274      0   5369   6258   5270   5745    435   7557   2427    481   2691   7695   5755   5609   9692   2627    225   2727   6971   7122   9855   1146   7143   7352   6882   7494   2927   2438   1492   5877   7007   5887   5799   3055   3155   6374   6544   2458   8305   3703   7009   1061   5521   7717   4761   9537   5263   1700   8480   4817   7187      8   9407   3140   4350   7805   5150   1648   6361   8184   1825     17    730    973 
  9767   7323   3879   1352   7453   1462   8887   8780   1120   2669   9055   7968   1088   9827   6250   9657   4325   5369      0   1812   2754   5591   4402    340    619   3487    357   8641   2075    630   3945   4722   1703   6880   4726   2280   2644    224   2001    502   1969   5458   3225   8480   9801   5943   5620   2707   2855   2432   1289   7988   5738    781   3599   1756   3435   1287   5125    771   3676   6555   8323   8155   7267   7880   7521   2863   8903   6860   7238    429   9322   6411   4980   7088   1768   8193   6722   9698 
  5337   6793   6600   5562   1528   1979   5141   6160   9923   3844   1269   7898   5923   5113   1857   2084   4086   6258   1812      0   5487   8009   5562   1489   5214   3869     51   9199   4915   6591   3137   4848   9807   5032     91    894   1565   3952    653   5007   1779   5534   8224   4251   2599   3809   6422   7047   7317   2830   6298   8903   6416   5708   3431   8098   2647    430   9912   4390   4778   2176    432   5406   7133   4836   6858   2082   9036   1438   3906   9344   6015   1725   3061   7576   1071   3835   1816   2428 
  2516   1787   1824   2015   5036   8575   2642    362   5939   9126   9093   1259   9815   2898   1743   5578   5930   5270   2754   5487      0   1082   2152   9220   9736   1555   7203   9290   8831   6061    313   4932   2360   7385    402   5033   2216   1646    712   6294   4176   1528   9034    745   3432   7380   2418   7151   2093   1419    562    176   1464   7644   8885   5961   4927   1455   5444   1210   8865   3431   9334   2465   1453   1735   1516   4182   1971   4825   6141   8904   7407   1066   5022   6616   2833   9897   7797   4261 
  4984   1161   1344    351   6722   3133   4962   8865   3874    665   6809   9261   2807   2416   5505   3835   4753   5745   5591   8009   1082      0   7264   4962    415   4199   1009   5382   4494   2591    516   6845   2344   9247   4767   7598    349   7157   5022   1469   3656   1566   2761   4710   6105    793   8087   4314   1104   3416   6194   1383   2317   8222   8636    428   4935   8566   8689   6462   7483   2480   7550    324   1095   7137   1106   1353   9414   2026   5265   4867   4540   7321    673   4831   7093   3663    304   9807 
  6644   9904   7176   1044   3266   1142   7545   1879   4461   3632   5621   9284   8166   6337     33   7004   9726    435   4402   5562   2152   7264      0   8570   2258    164   7910   9172   8468   2294   1187   3557   7171    752   4076   9556    130   5925   6365   1080    599   3840   1281   4088   5687   7697   5920   9777   3567    420   5273   1560   9284   6995   3490   1058    700   5550   9341    288   4494    408   8013   8064   4823    372   6905   6688   7343   8849   5151   1269   7340   3091    525   3436   4052     67   2188   4559 
  5973   8464   1170   2764   4817   8845   5942   4760      5   6495   8102   4761   2077   5184   7576   7788   2370   7557    340   1489   9220   4962   8570      0   1640    873   8847    700   2254   8871   1482   2865   1056   7320   1029   1866   4164    153   6322   2591   6619   3191   7421    825   1517   4539   3204    212   3205   4210   4950   2490   8633   7281   1409   7502   9324   1672   7686   9975      7   9956   1776   7870   3781   7370   7653   7770   8174   2018   8939   9163   5798   6241   4655   5413   5654     58   2753   2654 
  2461   4841   8662   5195   5400   1777   5162   8285   2465   9875   5616    579   1545   9026   6946   6164     16   2427    619   5214   9736    415   2258   1640      0   4331   1174   6980    554   6542   3714   1492   4037    851   5545   9417   3586   8342   4819   9771    611   9618   2829   6614   7208   4516   8105    560   2156    351   1784   7591   2637   5585   5782   2368   7387   7766   7654   7294    132   7723   9822   4992   7486   2437   7685   2686   1701   3123   1339   5508   2438   7457   6680   1871   7052   2318   9992   8824 
  7617   9626   2281   8949   2478   5376   1062   2558   3976   1424   2386   2541   8106   5289   4341   7276   7565    481   3487   3869   1555   4199    164    873   4331      0   3834   1952   7942   7311   6185   4438   4328   3561   3859   2542   2554    365    767   2184   2142   3563   3519   9515   5747   5469   1527   3045    708   6435   5360    937   9907   8409   1213    772    871   7707   8812   1488   8066   7613   5712   6477   2695   2483   6637   8604   7867   3384   7973   8301   4985   1805   1233   1195   3243   2927   7938   2406 
  4694   1392   6218   6950   7152   4037   3632   2566   8944   3856    821   1591   6476   7299   9553   4061   3241   2691    357     51   7203   1009   7910   8847   1174   3834      0   4663   1871   6505   7378   2119   3932   9572   1902   8940   9667   4060   7367   2437   6089   7916   8798    123   4391   7107   6182   3584   8408   5996   1746   5975   8959   1004   5806   4454   2316   8380   5565   8251   6848   9817   1620   2619   8239    745    564   1249    726   9968    605   5494   4124   9923   3025   1933    253   2843   6421   6625 
   480   6922   8401   5509   2177   4570   1757   5881   2328   6080   7767   5499   7416   9003   9763   6069   6096   7695   8641   9199   9290   5382   9172    700   6980   1952   4663      0   4676    589   2096   6049   6137   6631   6429   6747   6379    734   2482   9832   2736   5431   3879   3176   3850   7620   7215   2622   9852    977   5274   8605   8589   5902   7454   2291    140   8238   2450   2534   3525   6239    685   3918    162   4268   7055   8258   1653   7152   1486   5542   8308   7533   1891   4180   2614   9053   5141   1193 
  8840    686   2392   8487   5577   3129   3358   4054   5169    612   7757   2525   2630   3595    900   3706   7875   5755   2075   4915   8831   4494   8468   2254    554   7942   1871   4676      0    654   2183   3590   5602   2917   5989   4909   4840   4300   2803   8308   2088   6242   1708   7218   9910   1427   7953   3659    212   2929   1290   2663   7598   2519    961   2608   1257   3563   2635    464   8412   1379   1033   2521   1710   6028   9055   3814   4833   7623   6708   5554    222   6212   3418   4232   6594   3267   8543   1435 
  3652    855   6131   2354   4088   8748   6286    560   1943    792   8983   5109   6924   8258   1926   5496   1476   5609    630   6591   6061   2591   2294   8871   6542   7311   6505    589    654      0   7368   8792      4   2774   1527   6191   8444   1126   8654   3361    232   4902   6270   7684   2865   2715   1848    633   8246   5425   5304   9634   6935   2198   8801   9539   3138   2629   2617   3659    318   9254   4806   3314   4421    339    634   7556   6758   5597   5852   8622   6906   7473   7304   2633   5365   6805   5097    469 
  8594   5252    412   8805   2700   6785   7552     59   2791   1422    972   3168   3055      5   9775    885    204   9692   3945   3137    313    516   1187   1482   3714   6185   7378   2096   2183   7368      0   9904   3831   5364   7272   1126   2695   9383   6118    300    611   9939    754   9909   3507   8375   9894   4406   5015   1534   5023   6102   2318   6490   6989   7530   1095   2897   1161   8574   6637   2999    295   7414   1486   1902   2110   6503   5181   7690   6870   1376   9209   1065   9041   3534   8732   2546   4652   1327 
  4251   3980   2000   9768   2850   7217   8853    376   1105   8807    646    430   4596   5675   1525   4485   7325   2627   4722   4848   4932   6845   3557   2865   1492   4438   2119   6049   3590   8792   9904      0   6520   6923   3336   9030   9567   8368   2660   4639    450   9441   8381    420    508   4028   8664    128    912   5116    367   8178   8080   9138   6506   3270   5054   1809   8720   5295   4216   1487   3038   2520   7408   7273   2950    444   9305   1751   8091   7811   1353   9409   8508   6719   3163   5280   4080   3366 
  8275   8380   9193   2951    881   2699   2115   5784   8882     19   4091   2514   1092   7628   4680   1094   4332    225   1703   9807   2360   2344   7171   1056   4037   4328   3932   6137   5602      4   3831   6520      0   4691   1288   1201   9153    728   3301   2459   5461   3148   1302   9094   9953   5695   9062    449   6825   8597   6369   3426   5905   1013   1061   3995   5356   9684   5815   1471    102   1328   1849   2678   2255   1009   1706    108   9242   6141   9453   1488   7862   3018   6445   9643   3548    889   3296   7152 
    55   3665   4279   5193    626   8604   7950   4819   5022   7285    957   2782   2186   9083   2537   6440   9684   2727   6880   5032   7385   9247    752   7320    851   3561   9572   6631   2917   2774   5364   6923   4691      0   4585   1073   1306   1731    557   5081   7653   7644   4323   6922   4989   6302   1090   5413    225   5010   6821   9184   6504   5529   1687   7623   1026   1378   1890   5328    224   1721   1080   5662   1908    592   2113   3114   2492   7778   1895   3887   9804   1797    496    149   6571   9440    859   3344 
  1293   9947   1784   5782    925    700   8219   4385   1732   2373   8768   7883   6890   9462   3898   7303   2165   6971   4726     91    402   4767   4076   1029   5545   3859   1902   6429   5989   1527   7272   3336   1288   4585      0   6592   3725   2430   7530   6364    544   3774   9390   3914   9865    462   8038   8934   6853   4364   8934   6779   4780   9993   9674    880   5046    841   9022   5492   5775   3931    972   5208   1965   4633   1195   1292   6959   4883   1030   9742    104   8984   2106   8175   9548   5237   4708   3879 
  9758   6514   8954    792   9457   3039   8646   2609   4482   1087   9948   2934    397   9532   7257   1835   8129   7122   2280    894   5033   7598   9556   1866   9417   2542   8940   6747   4909   6191   1126   9030   1201   1073   6592      0   1210    338   5002   6715    282   2009    232   5197   2728   5129   2990   9620   1618   7884   2135   9932   7902   1060   2557   1599   9407   8716   9196   3940   9338   7612   3955    792   5747   6606   7266   7980   5598   3824   5680   2991    386   8985   4332   5787   9120    384   8582   8484 
  4348   6527    453   2317   7881   4650   1243   4872   2641   8586    287    987   9841   4779   2655   2107   9647   9855   2644   1565   2216    349    130   4164   3586   2554   9667   6379   4840   8444   2695   9567   9153   1306   3725   1210      0    692   9882   1983   2015   4843   8372   9166   7248   8486   5504   9908   6808   8013   7844   1266   2910   7576   6464   2168   1932   5465   9231   6465   1036   2173   4945   8190   8003   8229   4582   6736   6381   9856   3422   3386   6042   8859   2688    278   9368    939     25   1109 
  2307   4809    246   4502   7934   9771   5969    592   2360   2067   1033   1488   2204   8671   9791   8226   4723   1146    224   3952   1646   7157   5925    153   8342    365   4060    734   4300   1126   9383   8368    728   1731   2430    338    692      0   1202    538    214   2349    904   5168   2676   4238   4207   9204   1623   2070    444   6515    952   7014    508   7632   6355    371   3462   9756   6272   7585   5444   2359   2481   1597   1550   6231   8557   9114   1592   1497   5915    270   2542   4150    146   1133   2126   1543 
   898   1973   9792    216   6933   8592   3376   5896    157   1973   9702   7264   5184   1110    524   7264   9757   7143   2001    653    712   5022   6365   6322   4819    767   7367   2482   2803   8654   6118   2660   3301    557   7530   5002   9882   1202      0   5647   9189    502   9771   8503   7148   5278    616   1150   7159   2343   9297   2168   1420   8661    694   1343   2507   8778   3154   8885    296   2996   7345   2955   6235   9753   2240   4210   8875   3552    153   1073   2664   7426   2094   6134   7768   7601   2342   5073 
  7951   3850   1234   2838   6983   8624   9842   7007   4028   6824   6888   9913    539   6899    529    940   9182   7352    502   5007   6294   1469   1080   2591   9771   2184   2437   9832   8308   3361    300   4639   2459   5081   6364   6715   1983    538   5647      0   2916   8105   3942   6350   4564   7446   8321    754   7144   5732   5987   4761   1096   5437   1946   7230   6206   9695   7110   7243   8017   9661   7347   1091    389   7129   7427   1117    882    542   2609   3810   5442   1683   4644   2793   3983   2398   5408   1778 
  7888   9098   5068   9552   7342   7486   7843   8977   1206   1278   5678   6298   6919   5574   5533    690   2102   6882   1969   1779   4176   3656    599   6619    611   2142   6089   2736   2088    232    611    450   5461   7653    544    282   2015    214   9189   2916      0   3324   9557     35   1440   1858    556   1037   2524   5357    922    225   7591   4712   9406   7308   7406   8406   9681   2435   6691   4098   8780   8626   6474   7290   6477   3378   9746   5015   6357   5690   3366    847   6020   1625   8452   1918   2232   6066 
  6704   3924   5393   7865   2760    605   6912   5220   1949   6674   2749    104   9636   6384    728   9927   8880   7494   5458   5534   1528   1566   3840   3191   9618   3563   7916   5431   6242   4902   9939   9441   3148   7644   3774   2009   4843   2349    502   8105   3324      0   9436   2546   1682   2377   5100   6246   5050   4397   3450   1970   2085   5878    370   2321   6468   5008   3457   9154   8352   5913   3121   1362   1011   1383   6823   5961    586   3646   8523   4517   8729   4816   4759   8612   9918   1541   5587   4437 
  8572    256   4182   9440   1394   3232   3813   5231   7304   6911   3011    564   9930   8815   3731   3554   4027   2927   3225   8224   9034   2761   1281   7421   2829   3519   8798   3879   1708   6270    754   8381   1302   4323   9390    232   8372    904   9771   3942   9557   9436      0   4937   7613   3934   1089   1034   9235   2864   6053   2141   3780   4110   6483   4563   6272   4174   8490   8593   1041   4109   1363   1181   1705   5886   5725    551   2480   9333    843   2198   7790   1908   6700   7955   3365   6996   6682    154 
  1008   6751   8006   2434    169   2291    768   8700   3798   2485   5071   8336   8139   1529   5823   2734   8664   2438   8480   4251    745   4710   4088    825   6614   9515    123   3176   7218   7684   9909    420   9094   6922   3914   5197   9166   5168   8503   6350     35   2546   4937      0   7779   4694   6935   3807   6070   1835   1173   6526   2272   1825   2998   4646    621   1232   1731   4359   7971   3509   1679   4283   7193   1886   1279   7554   6683    118   6050   3537   9933    354   4423   4460   5037   4044   1136   3858 
  6661   4548   6175   3582   5307   7371     64   5290   4188   7932   4279   6671    187   3403   4778   3336   7209   1492   9801   2599   3432   6105   5687   1517   7208   5747   4391   3850   9910   2865   3507    508   9953   4989   9865   2728   7248   2676   7148   4564   1440   1682   7613   7779      0   3181    686   7105    889   2753   2034   7085   2491   9030    392    963   1904     99   8632   1348   7052   6196   1802   7336   7483   4805   7779   1105   4426   8540   9617    895   4201   1097   8905   7655   9695   3826   4304   1837 
  3742   9282   1047   4789   5303    575    237   9363   3560   3475   7556   8301   2902   2913   8553    626   1945   5877   5943   3809   7380    793   7697   4539   4516   5469   7107   7620   1427   2715   8375   4028   5695   6302    462   5129   8486   4238   5278   7446   1858   2377   3934   4694   3181      0   8461   2042   1192   7481   1527   1506   3372   6633   9758   7842   1694   2067   2066   4137   2512   6718   2104   2531   1185   5008   3911   6746   2745    202   3784   1537    471   9395   4797   1356   9753   2147   1441   1027 
  3481   7778   3211   7911   4597    656   9942    929   3671   8385   9128   9310   3250   8993   6875   3695   2412   7007   5620   6422   2418   8087   5920   3204   8105   1527   6182   7215   7953   1848   9894   8664   9062   1090   8038   2990   5504   4207    616   8321    556   5100   1089   6935    686   8461      0   1036   4817   4466   9001   1542   8303   8027   5368    177   8467   7542    303    873   3577   1233   5726   8137   2039   8591   7825   5586   7361   4545   5723   4204   8254    420   6532   5377   6794     30   8854   5430 
  6172   4025   2964   5216   4017   2531   4199   2058   1724   1815   8403   9996   9693   1224   5138   9910   1334   5887   2707   7047   7151   4314   9777    212    560   3045   3584   2622   3659    633   4406    128    449   5413   8934   9620   9908   9204   1150    754   1037   6246   1034   3807   7105   2042   1036      0   4253   1796   8804   9692   4747   6511   4476   4759   3550   3311   4159   3325   2977   4383   2350   7939   9310   1146   1382   3571   9370   1980   1279   1537   2799   1133   9218   8479   8217    282   8457   8046 
  3157   5953   8889   5716   7688   3456    855   4423   8672   8786   6788   7417   2827   5781   2574   4822   2865   5799   2855   7317   2093   1104   3567   3205   2156    708   8408   9852    212   8246   5015    912   6825    225   6853   1618   6808   1623   7159   7144   2524   5050   9235   6070    889   1192   4817   4253      0   2085   2854   1147   2199   1191   1936   4151   7625    379   1445   9808   6964    270   7992   4778   3094   6765   9264   5508     22   2446   6818   2390   5406   6125    351   2221   3180    842   3488   1028 
  3125   2505   2910    168    565    652   4614   1167    584   3298   1776   2293   6248   9734   4777   2718   9166   3055   2432   2830   1419   3416    420   4210    351   6435   5996    977   2929   5425   1534   5116   8597   5010   4364   7884   8013   2070   2343   5732   5357   4397   2864   1835   2753   7481   4466   1796   2085      0   4059   9137   9215   5365   1327   9306    728   2704   2463   7618   5633   3227   5702   8952   2663   3018   3148   1644   6714   9089   6145   9253   5642   8727    251   9698    962   5757   5952   8308 
  8610   4215   7083   9346   4337   7301   5197   1314    193   1939   2026   8988   2688   3906   4381    835   9200   3155   1289   6298    562   6194   5273   4950   1784   5360   1746   5274   1290   5304   5023    367   6369   6821   8934   2135   7844    444   9297   5987    922   3450   6053   1173   2034   1527   9001   8804   2854   4059      0   7861   8784   9079    137   4071   6506   1691   2748   3470   9472   1696   6762   1802    567   4107   4504   5921   7031   3611   7859    575   9493   9965   1672   3036    988   3711   5045   3007 
   914   1106   2668   6008    763   3971   1405   5554   2443   3001   7010   7318   2767   1142   5778   7054   2984   6374   7988   8903    176   1383   1560   2490   7591    937   5975   8605   2663   9634   6102   8178   3426   9184   6779   9932   1266   6515   2168   4761    225   1970   2141   6526   7085   1506   1542   9692   1147   9137   7861      0   9147   6691   7935    243   4964   8520   1573   1159   8724    260   1620   7675   9278   9254   2141    264   9853   6330   1620   4992    569   8732   8315   1239   3193    161   8029   2209 
  2508   2628    769   8077   7954   7006   6717   1584   4188   2703   8258   5067   9479   8089   7991   7888   7998   6544   5738   6416   1464   2317   9284   8633   2637   9907   8959   8589   7598   6935   2318   8080   5905   6504   4780   7902   2910    952   1420   1096   7591   2085   3780   2272   2491   3372   8303   4747   2199   9215   8784   9147      0    890   3235   2062   5997   1887   2109   6259   5473   6601    999   3838   9222    808   1891    780    550    739   2263   3682    804   2052   9948   4214   6795   1176   4263   7050 
  6399   5159   1540   2333   1037   4225   7975   7220   4234   2388   2770   3090    556    970   2049   1048   7989   2458    781   5708   7644   8222   6995   7281   5585   8409   1004   5902   2519   2198   6490   9138   1013   5529   9993   1060   7576   7014   8661   5437   4712   5878   4110   1825   9030   6633   8027   6511   1191   5365   9079   6691    890      0   1339   6837    535   8638   1600   9483   3936   5173   1060   8112   6806   4568   2551   8983   3868   7386   5852   1729   9326    459   3463   3495   2124   1378   4821   7237 
  3045   7596   3110   8915   6039   6769   2852   1867   6450   2290   8288   1751   4291   4788   9389   9654   8376   8305   3599   3431   8885   8636   3490   1409   5782   1213   5806   7454    961   8801   6989   6506   1061   1687   9674   2557   6464    508    694   1946   9406    370   6483   2998    392   9758   5368   4476   1936   1327    137   7935   3235   1339      0   3817   5412   2411   1882   4692    937    658   8944   4469    257   1041   4999   3499   9938   1565   9367   7733   7830   9102   5653   1518   2738   1954   7861   2125 
  6403   9243   5415   7444   5268   1001   6193    956   1355   4798   8882   5562   5881   5951   8814   7850   8440   3703   1756   8098   5961    428   1058   7502   2368    772   4454   2291   2608   9539   7530   3270   3995   7623    880   1599   2168   7632   1343   7230   7308   2321   4563   4646    963   7842    177   4759   4151   9306   4071    243   2062   6837   3817      0   1177    246   8209   4509    819   1491   5656   5753   9256   4311   2282   3242   2449   8452   2675   6005   6096     61   7766   7279   4750   2494   1835   2499 
  4308   3877     47    650   9899     43   2990   3664   8501    846   1647   4609   1824   7761    172   6033   7878   7009   3435   2647   4927   4935    700   9324   7387    871   2316    140   1257   3138   1095   5054   5356   1026   5046   9407   1932   6355   2507   6206   7406   6468   6272    621   1904   1694   8467   3550   7625    728   6506   4964   5997    535   5412   1177      0   7461   3517   9484   1543   6015   6207   1916   3274   7135    588   9337   5522   7662    534   9428    387     72   2967    222    179   1352   2826   6901 
  8643   7224   7527   2208    948   5491   9855   1415    871   7762    603   5537   6796   9903   4724   2950    303   1061   1287    430   1455   8566   5550   1672   7766   7707   8380   8238   3563   2629   2897   1809   9684   1378    841   8716   5465    371   8778   9695   8406   5008   4174   1232     99   2067   7542   3311    379   2704   1691   8520   1887   8638   2411    246   7461      0   8765   4113   2347   3598   7667    831   6610   6341   8296   6861   2812   3299    269   8935    603   5087   2572   8979   7712   6824   8306   8699 
  4388   2156   1841   6894   7424    905   7497   7028   7044   7147   3153    932   5299   8487    609   6160   5725   5521   5125   9912   5444   8689   9341   7686   7654   8812   5565   2450   2635   2617   1161   8720   5815   1890   9022   9196   9231   3462   3154   7110   9681   3457   8490   1731   8632   2066    303   4159   1445   2463   2748   1573   2109   1600   1882   8209   3517   8765      0    519    850   4705   7566    243   1807    661   5784   2427   4063   4262   5950   4051   9338   5790   9470   7214   3885   4668   5878    931 
   761   3201    535   1861     16   5694   7639    639   2254   5928   1530   3797    490   3752   6676   7789   2165   7717    771   4390   1210   6462    288   9975   7294   1488   8251   2534    464   3659   8574   5295   1471   5328   5492   3940   6465   9756   8885   7243   2435   9154   8593   4359   1348   4137    873   3325   9808   7618   3470   1159   6259   9483   4692   4509   9484   4113    519      0   9251   1065   3284    447   4902    474   2110   7931   1638   1974   8018   7789   6857   9113   1729   4932   2468   7961   3943   9215 
  2960     78   1037   2465   1684    646   4353   1678   9235   4783   2740    226   9759   9527   4534      7   9184   4761   3676   4778   8865   7483   4494      7    132   8066   6848   3525   8412    318   6637   4216    102    224   5775   9338   1036   6272    296   8017   6691   8352   1041   7971   7052   2512   3577   2977   6964   5633   9472   8724   5473   3936    937    819   1543   2347    850   9251      0   2312   6359   9694   2718   5616   1513   7555   6460    106   1815   6345   4283   7747    499   6445   4354   9064   4253   5608 
  5861    196   4531   9472   9066   7679   5639   1535   6986   6342   4898   3957   7445   3194    443   2294   5371   9537   6555   2176   3431   2480    408   9956   7723   7613   9817   6239   1379   9254   2999   1487   1328   1721   3931   7612   2173   7585   2996   9661   4098   5913   4109   3509   6196   6718   1233   4383    270   3227   1696    260   6601   5173    658   1491   6015   3598   4705   1065   2312      0     19   4074   4374   2540   9233   6258    836   6233   2753   7589   7479   2399   5694   8905   6810   8185   8355   1321 
  8130   3162    382   3214   3372   5480   8849   4530    271   6923   2412   6349   6406   1665   8413   6509   9363   5263   8323    432   9334   7550   8013   1776   9822   5712   1620    685   1033   4806    295   3038   1849   1080    972   3955   4945   5444   7345   7347   8780   3121   1363   1679   1802   2104   5726   2350   7992   5702   6762   1620    999   1060   8944   5656   6207   7667   7566   3284   6359     19      0   3436   4807   1507   9748   5056   3772    668    220   6643   1401   1484   2686   7373   5002   5218   4381    394 
   616   5930   6848   2518    443   2741   2019   4410   1880   2586    499   5981   9379   2209   8130   7877   1934   1700   8155   5406   2465    324   8064   7870   4992   6477   2619   3918   2521   3314   7414   2520   2678   5662   5208    792   8190   2359   2955   1091   8626   1362   1181   4283   7336   2531   8137   7939   4778   8952   1802   7675   3838   8112   4469   5753   1916    831    243    447   9694   4074   3436      0   7551   5050    804   2218   1198   1890   1884   7190   5015   7681   1274   9717   5175   2362   6364   1663 
  3271   9803    688   9864   2681   5724   8843   2272   7663   8680    931   7160    824   6117   6541   5483   8608   8480   7267   7133   1453   1095   4823   3781   7486   2695   8239    162   1710   4421   1486   7408   2255   1908   1965   5747   8003   2481   6235    389   6474   1011   1705   7193   7483   1185   2039   9310   3094   2663    567   9278   9222   6806    257   9256   3274   6610   1807   4902   2718   4374   4807   7551      0   9312   2827   3268   6528   2888    348   9126   9072   5666   8773   9983    113    570    624   2135 
  6269   9293   9435    554    451   6817   2958   7011   4932   9701   1573    991   4998   8431   4421   8779   9273   4817   7880   4836   1735   7137    372   7370   2437   2483    745   4268   6028    339   1902   7273   1009    592   4633   6606   8229   1597   9753   7129   7290   1383   5886   1886   4805   5008   8591   1146   6765   3018   4107   9254    808   4568   1041   4311   7135   6341    661    474   5616   2540   1507   5050   9312      0   2586   5637   8752   1352   6258   3192   9152   5551   5504   4022   1535   1490   4305   9168 
  7020   4815    281   7689   3273    504    832   1554   8670   3526   1049   2863   7744   1148   1831   4162   3406   7187   7521   6858   1516   1106   6905   7653   7685   6637    564   7055   9055    634   2110   2950   1706   2113   1195   7266   4582   1550   2240   7427   6477   6823   5725   1279   7779   3911   7825   1382   9264   3148   4504   2141   1891   2551   4999   2282    588   8296   5784   2110   1513   9233   9748    804   2827   2586      0   8603   4449   2266   6456   9741    226   9023    406   7749   5176   3332    655   4774 
  2425   4292    518    900   5794   6074   3529   1779   1423   1296   2672   3009    754   7065    507   4767   7868      8   2863   2082   4182   1353   6688   7770   2686   8604   1249   8258   3814   7556   6503    444    108   3114   1292   7980   6736   6231   4210   1117   3378   5961    551   7554   1105   6746   5586   3571   5508   1644   5921    264    780   8983   3499   3242   9337   6861   2427   7931   7555   6258   5056   2218   3268   5637   8603      0    884   7875   6274   8563   2399   3310   7748   9931   1702   8310   9071   3810 
   835   8594   1847   1203    397     92   7475   2638   5667   8107   1986   8574   8928   6444   9153    356    245   9407   8903   9036   1971   9414   7343   8174   1701   7867    726   1653   4833   6758   5181   9305   9242   2492   6959   5598   6381   8557   8875    882   9746    586   2480   6683   4426   2745   7361   9370     22   6714   7031   9853    550   3868   9938   2449   5522   2812   4063   1638   6460    836   3772   1198   6528   8752   4449    884      0   5350    635   4486   9697   6265   2150   2348   5103   4770   8356   7222 
