
     0      8     69     75      3      5     42     45     36     78     23     14     22     98     71     55     40     39     76     54     71     67     74     89      7     14     17     44     22     64     73     62     21     59     23     39     78     99     81     89     92     43     85     92     34      9     27     33     70     20     16     11     48     26     37     93     18     70     49     61 


 1000000    545    521    630    149    408    510    286    476      3    721    257    911     90    594    110    889     51    937     91    160    700    180    857    883    716    693    914    169    652     82    816     97    556    787     57    542    161    552    226    338    290    910    880    792    315    665    579    890    599    953    375     58    205    617    727    912     24    791    745 


     0    617    940    866     25    105    428    634    168    663    913     93    283    354    306    955    753    860    440    347    268    598    734    264     56    743    477    143    424    164      5    119    259    262    824    117    629    243    962    463    874    485     10    131    854    883     63    987     43    368    511    690    197    158     91    865    318    217    739     98 
   617      0    428     88     77    222     59     67    354    465    118    686     64    849     39    785    683    122    833     84    956    491    546    103    961     66    253    676    655    493    471     53    574    751    459    405     67    412    233    302    559    182    874    550    889    251    741     29    114    858    538    940    713    230    699    799     29     76    700     78 
   940    428      0    524    287    490     91    732    139    632    269      6     47    195    715    884    366     44    677    476    318    850     49    177    790    883    335    285    878    726    386    197    147    123    849    126    678    307    264    936    845    939    675    150    946    149    143     21    773    927    196    918    713    743    877    163    467    932    818    783 
   866     88    524      0    569    810    715    536    808    810     34    943    564    471    593     43    835    517    621    362    839    811    175     79    259    526    793     87    289    484    911    332    990    179    391    823    737    924      6    191    967    648    964     66    752    941    410    439    174    658    943    559    751    133    493    305    952    162    162    739 
    25     77    287    569      0    915    753    750    359    392    434    170    902    998    275    955    619    803    948    525     85    620    736    132    645     31    250    207    267    172    132    975     22    191     32    110    407    372    913    912    890    254    937    724    743    160    135    348     73    707     67    338    477    735    114    826    153    955     52    538 
   105    222    490    810    915      0    512    331    228    145    864    310    482    175    956     10    114    838    264    261    524    736    506    875    182      1    503    616     66    856     49    848    121    477    424    764    806    899    206    921    186    727    263    128    286    175    306    814    744     61    789    198    459    617    577    876    713    989    719     18 
   428     59     91    715    753    512      0    154    819    109    730    483    547     61    213     21    706     37    546    282    810    514    908    814    492    260     64    700    141    635    508    323    616    224    193    706    693    777    887    861    248    573    892    547    866    632    880    354    485    579    659     27    683    159    120    757     64    846    950    669 
   634     67    732    536    750    331    154      0    176    772    905    129    265    496    147    929    311    981    637    869    448    964     34     65    631    679    167    446    774    630    621    890    556    710    339     62    562    978    231    575    294     33    484     36    103    770    141    384    790    219    170    286      6    309    870    576    792    880    137    424 
   168    354    139    808    359    228    819    176      0    391    148    983    408      8    262    685    445    492    621    303    574    714    498    993    525    228     33    425    138    891    903    384    539    348    239    304    686    667    437    119    676    713    594    865    626     93    268    385    599    920     76    576    890    851    938    178    782    298    495    160 
   663    465    632    810    392    145    109    772    391      0    942    854    139    107    208    352    442    980    958    218    693    380    907    126     36     21    105    955    207    319    264    366    971    206    428    767    265    715    587    979     83    524    334    837    447    272    573    284    212    283    916    882    681    733    698    128    596    778     85    215 
   913    118    269     34    434    864    730    905    148    942      0    364    194    159    463    159    530    435    447    913    386    320    218    391    160    365    644     40    805    685    867    901     61    701    188    406    370     55    116    728     94    150    859    714    264    769    125    211    907    839    794    732    519     62    523    178    174    872    724    379 
    93    686      6    943    170    310    483    129    983    854    364      0    121    296    657    357    628    136    418    564    588    307    709    216    946    117    353    647    995    285    277    195    881    636    357    712     98    493    685    255    137    655    724     63    629     32    495    870     36    280    665    269    229    483    148    623     52     40    526    971 
   283     64     47    564    902    482    547    265    408    139    194    121      0    846    322    400    681     16    777    887    643    935    166     56    766    636     23    213    384    669    394    229    952     81    809    502    156    347    213     65    396    870     39    131    740    933    264    260    956     60      5    497    177    664    783    270    632    724     73    127 
   354    849    195    471    998    175     61    496      8    107    159    296    846      0    880    132     31    820    725     21    530    142    446    715    275     96    484    492    637    843    699    476    475    905    252    781    850    226    935    302    199    691    104    639    140    326    228    289    192    404    640    855    868   1000    885    314    766    162    718    858 
   306     39    715    593    275    956    213    147    262    208    463    657    322    880      0    701    705     11    794    915    221    687    133    523    586    231    519    309    797     43    916     70    143    354    233    549    508    480    492    652    857    911    952    766    744    433    543    332    510     86    757    143    270    432    811     27    182    627    982    547 
   955    785    884     43    955     10     21    929    685    352    159    357    400    132    701      0     71    363    999    219      1    873    717    376    666    531    137    777    417     99    707    399    607    124    136    422    422    917    168    421     58    992    252    149     92    269     13    831    281     32    348    458    526    265    486     92    695    236    734    927 
   753    683    366    835    619    114    706    311    445    442    530    628    681     31    705     71      0    303    274    145    489    520    232    970    541    970    575    655    605    489    646    355    193    211    103     37    788    754    351    890    891    261    809    774    271    695    266    139    468    340    674    826    460     91    640    841    328    437    272    117 
   860    122     44    517    803    838     37    981    492    980    435    136     16    820     11    363    303      0    429    581    283    484    863    461    215    859    914    100    674     14    136    120    201    808    804     48    452    224    832    718    786    692    609    210      5    732    655    196    633    941    775    637    125    745    764    132    936    830    583    214 
   440    833    677    621    948    264    546    637    621    958    447    418    777    725    794    999    274    429      0    687    127    873    766    274    472     10    699    402    326    683    551    956     60    384    498    763    644    184     97    254    509    398    241    444    982    178    159    185    406     41    271    407    547    192    680    109    477    636    151     58 
   347     84    476    362    525    261    282    869    303    218    913    564    887     21    915    219    145    581    687      0    523    925    149     56     77    104    687    236    319    812    356    702    858    929    984    570    229    902    675    233    699    235    732    181    886    797    816    480    634    748    635    135    356    524    915    374    265    519    518    797 
   268    956    318    839     85    524    810    448    574    693    386    588    643    530    221      1    489    283    127    523      0    685    947    111    234    852    147    294    162    812    520    184    659    368    884    617    135    221    801    772    131    411     10    946    238    108    683    726    889    698    418     14    601    411    957    146    971    733    983    605 
   598    491    850    811    620    736    514    964    714    380    320    307    935    142    687    873    520    484    873    925    685      0    936    694    576    384    291    452    406    229      3    536    657     70    666    271    342    712    745    526    563    382    998    105    298    482    408    910    827    996    111    291    687    913    490    404    402    174    923     93 
   734    546     49    175    736    506    908     34    498    907    218    709    166    446    133    717    232    863    766    149    947    936      0    372    431    295    114    499    876    492    164    431    293    645     95    389     50    343     39    251     64    310    777    674     10    437    975    214    495    924    110    118    266    768    259    672    816    409    975    807 
   264    103    177     79    132    875    814     65    993    126    391    216     56    715    523    376    970    461    274     56    111    694    372      0    553    600    481    392    608    426    215    623     96    258    158     71    633    453    905    229     14    255     57    838    187    670    548    527    403      9     18    901     91    517    776     15    109    780    376    489 
    56    961    790    259    645    182    492    631    525     36    160    946    766    275    586    666    541    215    472     77    234    576    431    553      0    860    740    130    240    529    219    944     46    900     38     97    186    923    735    189    260    281    767     88    497    140    964     97    696    414    848     18    518    200    964   1000    862    810    459    443 
   743     66    883    526     31      1    260    679    228     21    365    117    636     96    231    531    970    859     10    104    852    384    295    600    860      0      1    283    947    812    272    302    598    172    471    682    568    572     56    734     31    672    407    786    202    493    676     58    237    840    330    953    774    880    968    228    898     51    351    486 
   477    253    335    793    250    503     64    167     33    105    644    353     23    484    519    137    575    914    699    687    147    291    114    481    740      1      0    854    450     58    394    994    414     77    774    139     62    675    681    887    876    597    738    983    136    503    303    853    118    146    312    526    649    246    719     39    591     76     85    770 
   143    676    285     87    207    616    700    446    425    955     40    647    213    492    309    777    655    100    402    236    294    452    499    392    130    283    854      0    924    248    457    423    572    678    709    695     66    715    367    539    568    471    320    259    229    818    988     85     24    449    972    784    315    733    895    858    612    643    330    496 
   424    655    878    289    267     66    141    774    138    207    805    995    384    637    797    417    605    674    326    319    162    406    876    608    240    947    450    924      0    125    176    611    855    857    292     91      7    921    373     46    795     82    390    602    123    908    308    959     40     88    960    272    971    440     62    375    723    678    587      7 
   164    493    726    484    172    856    635    630    891    319    685    285    669    843     43     99    489     14    683    812    812    229    492    426    529    812     58    248    125      0    521    879    434    704    594    776    893    165    261    962    273    533    521    940    506    196    742    855     85    620     49    963    632    922     35    237     15    613    718     97 
     5    471    386    911    132     49    508    621    903    264    867    277    394    699    916    707    646    136    551    356    520      3    164    215    219    272    394    457    176    521      0    676    105     33    283    931    699    828    745    692    209    890    454    356    371    637    679    205    464    319    581    859    661    496    383    763    103    341    472     79 
   119     53    197    332    975    848    323    890    384    366    901    195    229    476     70    399    355    120    956    702    184    536    431    623    944    302    994    423    611    879    676      0    626    429    362    192    361    630    535    454     11    969    922    965     36    911    490    548    492    669    302    662    136    131    528     43    331    929    929    330 
   259    574    147    990     22    121    616    556    539    971     61    881    952    475    143    607    193    201     60    858    659    657    293     96     46    598    414    572    855    434    105    626      0    645    946    563    233    158    771    984    649     51    438    491    938    169    314    206    223    658    145    264     91    284    198    276    289    141    317    411 
   262    751    123    179    191    477    224    710    348    206    701    636     81    905    354    124    211    808    384    929    368     70    645    258    900    172     77    678    857    704     33    429    645      0    371    884    117    816    101     20    322    479    986    513    714    661    630    927    442    555    467    707    213    959    212    562    548     73    828    693 
   824    459    849    391     32    424    193    339    239    428    188    357    809    252    233    136    103    804    498    984    884    666     95    158     38    471    774    709    292    594    283    362    946    371      0    585     83      7    330    264    599    727    137    715    277    355    622    188    570    616    556    560    110    398    385    876    510    725    446    350 
   117    405    126    823    110    764    706     62    304    767    406    712    502    781    549    422     37     48    763    570    617    271    389     71     97    682    139    695     91    776    931    192    563    884    585      0      8    745    604     47     39     26    224    350    397    250    644    775    566    869    910    434    562    606    767    680    561    106    159    219 
   629     67    678    737    407    806    693    562    686    265    370     98    156    850    508    422    788    452    644    229    135    342     50    633    186    568     62     66      7    893    699    361    233    117     83      8      0    957    282    295    111    242    821    762    184    472     38      5    263    664    380    669    237    628    966    776    621     57    981    862 
   243    412    307    924    372    899    777    978    667    715     55    493    347    226    480    917    754    224    184    902    221    712    343    453    923    572    675    715    921    165    828    630    158    816      7    745    957      0     36    557    882    693    902    452     33     30    378    400    122    620     43    461    184     40    507    384    928    743    507    829 
   962    233    264      6    913    206    887    231    437    587    116    685    213    935    492    168    351    832     97    675    801    745     39    905    735     56    681    367    373    261    745    535    771    101    330    604    282     36      0    905     99    877    652     58    512    990    302    291    935    341    438    720    283     99    176    126    606     55    546    441 
   463    302    936    191    912    921    861    575    119    979    728    255     65    302    652    421    890    718    254    233    772    526    251    229    189    734    887    539     46    962    692    454    984     20    264     47    295    557    905      0    244    706    259    949    503    271    239    208    159    510    686    491    594    676    810     52    112     41    251      9 
   874    559    845    967    890    186    248    294    676     83     94    137    396    199    857     58    891    786    509    699    131    563     64     14    260     31    876    568    795    273    209     11    649    322    599     39    111    882     99    244      0     76    329    849    447    616     38    489    988    161    324    968    380    250    104    828    845    378    100    548 
   485    182    939    648    254    727    573     33    713    524    150    655    870    691    911    992    261    692    398    235    411    382    310    255    281    672    597    471     82    533    890    969     51    479    727     26    242    693    877    706     76      0    908    520    246    598    452    347    650    736    321    479    346    787    939    518    927    895    349    866 
    10    874    675    964    937    263    892    484    594    334    859    724     39    104    952    252    809    609    241    732     10    998    777     57    767    407    738    320    390    521    454    922    438    986    137    224    821    902    652    259    329    908      0    901    975     94    977    864    531    487    364    933    463    476    453     55    290    848    733    107 
   131    550    150     66    724    128    547     36    865    837    714     63    131    639    766    149    774    210    444    181    946    105    674    838     88    786    983    259    602    940    356    965    491    513    715    350    762    452     58    949    849    520    901      0    923    980      3    146    975    414    888    449    341    208    326    223    147    501    956     11 
   854    889    946    752    743    286    866    103    626    447    264    629    740    140    744     92    271      5    982    886    238    298     10    187    497    202    136    229    123    506    371     36    938    714    277    397    184     33    512    503    447    246    975    923      0    319    348    894    135     14    372    236     31      8    321    246    975    182    356    631 
   883    251    149    941    160    175    632    770     93    272    769     32    933    326    433    269    695    732    178    797    108    482    437    670    140    493    503    818    908    196    637    911    169    661    355    250    472     30    990    271    616    598     94    980    319      0    176    673    859    598    732    535      8    363    862    277    198    854    807    471 
    63    741    143    410    135    306    880    141    268    573    125    495    264    228    543     13    266    655    159    816    683    408    975    548    964    676    303    988    308    742    679    490    314    630    622    644     38    378    302    239     38    452    977      3    348    176      0    212    901    938    140    250     37    202    209    883    159    309    241    561 
   987     29     21    439    348    814    354    384    385    284    211    870    260    289    332    831    139    196    185    480    726    910    214    527     97     58    853     85    959    855    205    548    206    927    188    775      5    400    291    208    489    347    864    146    894    673    212      0    388    754    405    275    520    507    966     28    344    696    997    120 
    43    114    773    174     73    744    485    790    599    212    907     36    956    192    510    281    468    633    406    634    889    827    495    403    696    237    118     24     40     85    464    492    223    442    570    566    263    122    935    159    988    650    531    975    135    859    901    388      0    743    238    230     60    182    153    641    580    192    219     52 
   368    858    927    658    707     61    579    219    920    283    839    280     60    404     86     32    340    941     41    748    698    996    924      9    414    840    146    449     88    620    319    669    658    555    616    869    664    620    341    510    161    736    487    414     14    598    938    754    743      0    896    811    187    377    656    349    990    486    420    793 
   511    538    196    943     67    789    659    170     76    916    794    665      5    640    757    348    674    775    271    635    418    111    110     18    848    330    312    972    960     49    581    302    145    467    556    910    380     43    438    686    324    321    364    888    372    732    140    405    238    896      0    617    605    407    520    570    742    126    844    270 
   690    940    918    559    338    198     27    286    576    882    732    269    497    855    143    458    826    637    407    135     14    291    118    901     18    953    526    784    272    963    859    662    264    707    560    434    669    461    720    491    968    479    933    449    236    535    250    275    230    811    617      0    297      4    619    476    217    923    504    791 
   197    713    713    751    477    459    683      6    890    681    519    229    177    868    270    526    460    125    547    356    601    687    266     91    518    774    649    315    971    632    661    136     91    213    110    562    237    184    283    594    380    346    463    341     31      8     37    520     60    187    605    297      0    172    216    686    808     47     88    186 
   158    230    743    133    735    617    159    309    851    733     62    483    664   1000    432    265     91    745    192    524    411    913    768    517    200    880    246    733    440    922    496    131    284    959    398    606    628     40     99    676    250    787    476    208      8    363    202    507    182    377    407      4    172      0    265    238    563    218    540    172 
    91    699    877    493    114    577    120    870    938    698    523    148    783    885    811    486    640    764    680    915    957    490    259    776    964    968    719    895     62     35    383    528    198    212    385    767    966    507    176    810    104    939    453    326    321    862    209    966    153    656    520    619    216    265      0    551    829    396    892    341 
   865    799    163    305    826    876    757    576    178    128    178    623    270    314     27     92    841    132    109    374    146    404    672     15   1000    228     39    858    375    237    763     43    276    562    876    680    776    384    126     52    828    518     55    223    246    277    883     28    641    349    570    476    686    238    551      0    229    803    322    562 
   318     29    467    952    153    713     64    792    782    596    174     52    632    766    182    695    328    936    477    265    971    402    816    109    862    898    591    612    723     15    103    331    289    548    510    561    621    928    606    112    845    927    290    147    975    198    159    344    580    990    742    217    808    563    829    229      0    152    295    221 
   217     76    932    162    955    989    846    880    298    778    872     40    724    162    627    236    437    830    636    519    733    174    409    780    810     51     76    643    678    613    341    929    141     73    725    106     57    743     55     41    378    895    848    501    182    854    309    696    192    486    126    923     47    218    396    803    152      0    596    951 
   739    700    818    162     52    719    950    137    495     85    724    526     73    718    982    734    272    583    151    518    983    923    975    376    459    351     85    330    587    718    472    929    317    828    446    159    981    507    546    251    100    349    733    956    356    807    241    997    219    420    844    504     88    540    892    322    295    596      0    611 
    98     78    783    739    538     18    669    424    160    215    379    971    127    858    547    927    117    214     58    797    605     93    807    489    443    486    770    496      7     97     79    330    411    693    350    219    862    829    441      9    548    866    107     11    631    471    561    120     52    793    270    791    186    172    341    562    221    951    611      0 
