
     0     54     85     10     66     17      4     66     34     40     16     63     42     67     44     14     86     73     47     32      9     43     88     79     17     25     20     32     87     88     26     20     58     58     95     24     20     47     48     40 


 1000000   9815   7072    233   1311    674   1181   9917    827    147   7874   6591   2603    993   3452   1531   3749    878   5929   1414   4182   7786   1319   1619   5634   6777   9247    756   7535   1362   4368   2639   4624   4922   3775   8404   5998   7567   1774   8987 


     0    511    704     96    994     16    412    144    610    418    700     88    234    603    541    475    175    920    771    685    573    320     58    951    107    780    475    552     88    220     74    463    388    894    121    250    175    555    505    215 
   511      0    408    203    802    865    277    685    251    206    824    167     53    307    593    768    290    724    718    112     88    699    628    155     55    138    105    179    679     43    273    787    242    830     21     49    255    490     67    303 
   704    408      0    731    524     79    494    492    110    374    365    875    422    313     28    131    359    741    862    298    871    387    836    149    286    614    497    282    966    934    299    796     94    799    985    219    316     76    407    529 
    96    203    731      0    169    606    285    257    642    307    827    863    907     69    896    189    250    276     27    576    939    531    527    689    388    659    269     98    129    119    314    527    427    595      1    811    330    815     34    901 
   994    802    524    169      0    765    758    840    538    144     95    592    132    655     12    161    106    838    914     49    326    821    801    520    827    916     65    204    820    663    614    170    536    417    260    728     10    686     92    750 
    16    865     79    606    765      0     64    194    859    167    165    421     36    508    987    966    940    565    182    331    161    473    581    209    128    626    562    446    756    670    281    575    479    980    975    538    933    551    177    159 
   412    277    494    285    758     64      0    853    172    620    675    154    864    125    183    790    633    882    389    741    800    786    631    911    154    676    604     13    502    449    100    127     15    928    237    106    311    991    910    687 
   144    685    492    257    840    194    853      0    103     16    777    371    163    973    219    760    866    789     85    355    585    692    127    472    591    830     31    851     85    544    713    310    386     20    663     78    686    170    296    972 
   610    251    110    642    538    859    172    103      0    448    166    877    338    583     87    235    873    483    285    915    571    161    929    900    258    452    155    855    657     84    727    180    247    980    586     35    685    578     33    488 
   418    206    374    307    144    167    620     16    448      0    161    645    242    359    351    721    125    433    715    759    938    439    325    723    229    642    891    201    967    717    912     27    431    247    166    183    151    254    961    581 
   700    824    365    827     95    165    675    777    166    161      0      2     83    155    460    537    121    179    866    403    273    154     23     59    731    749    263    425     26    662    907    156     48    569    686    744    705    298    265     87 
    88    167    875    863    592    421    154    371    877    645      2      0     12    863    982     46    277    248    822    705    295    408    277    505    704     64    211    143    821    622     86    456     44     38    252    244    957    505    806    582 
   234     53    422    907    132     36    864    163    338    242     83     12      0     47    714    277    845    233    268    484    793    413    187    606    414     77    928     73    675    933    433     37    259    807    644    849    805    670    322    691 
   603    307    313     69    655    508    125    973    583    359    155    863     47      0    771    176    963    268    237    639    490    427    450    632    699    315    694    711    556    575    352    902    890    730    704    489    256    548    386     20 
   541    593     28    896     12    987    183    219     87    351    460    982    714    771      0    161    793    170    643    100     13     17    562    109    924    553    170    538    874    110    436    322    562    303    539    219     96    840    883    474 
   475    768    131    189    161    966    790    760    235    721    537     46    277    176    161      0    753    316    771    257    120    689     27    437    131    963    409    796     59    175    595    584    319     27    753    501    660    332    829    504 
   175    290    359    250    106    940    633    866    873    125    121    277    845    963    793    753      0    284    555    139     51    762    770     30    951    173    507    884    549    461    904    185    939    768     84      8    285    558    282    708 
   920    724    741    276    838    565    882    789    483    433    179    248    233    268    170    316    284      0    120    245    983    654    582    882    977    785    531    785    655    627    484    328    221    483     68    989    928    700    978    334 
   771    718    862     27    914    182    389     85    285    715    866    822    268    237    643    771    555    120      0    680     84    221    855    428    631    280    460    459    575    371     79    125     11    818    245    754     66     58    958     17 
   685    112    298    576     49    331    741    355    915    759    403    705    484    639    100    257    139    245    680      0    270    788     49    459    721    940    339     58    347    669    831    680    106    593    128    547    619    777    878    673 
   573     88    871    939    326    161    800    585    571    938    273    295    793    490     13    120     51    983     84    270      0    931    188    719    704    835    703    231      7    117    941    767    330    931    961     65    322    184    878    331 
   320    699    387    531    821    473    786    692    161    439    154    408    413    427     17    689    762    654    221    788    931      0    200    998     35    825    480    864    453    402     95    188     56    149    800    471    345    760    629    736 
    58    628    836    527    801    581    631    127    929    325     23    277    187    450    562     27    770    582    855     49    188    200      0    842    377     96    723    952    767    937    901    287     17      5    378    287    765    589    251    598 
   951    155    149    689    520    209    911    472    900    723     59    505    606    632    109    437     30    882    428    459    719    998    842      0     72    226    209    676    351    550    873    232     48    461    680    984    486    357     26    847 
   107     55    286    388    827    128    154    591    258    229    731    704    414    699    924    131    951    977    631    721    704     35    377     72      0    105    123    629    513    756    729     66    883    430    549    487    599    136    734    580 
   780    138    614    659    916    626    676    830    452    642    749     64     77    315    553    963    173    785    280    940    835    825     96    226    105      0    335    104    699     58    227    346    493    190    874    575     13    277    168    599 
   475    105    497    269     65    562    604     31    155    891    263    211    928    694    170    409    507    531    460    339    703    480    723    209    123    335      0   1000    338    614    613    377     93    965    227    977    741    877    607    908 
   552    179    282     98    204    446     13    851    855    201    425    143     73    711    538    796    884    785    459     58    231    864    952    676    629    104   1000      0    765    340    184    246     53     60    787    973    284    825      1    164 
    88    679    966    129    820    756    502     85    657    967     26    821    675    556    874     59    549    655    575    347      7    453    767    351    513    699    338    765      0    975    388    336    280    770    435    771    497     10    320    432 
   220     43    934    119    663    670    449    544     84    717    662    622    933    575    110    175    461    627    371    669    117    402    937    550    756     58    614    340    975      0    440    160     18    640     56    837    677    183    221    976 
    74    273    299    314    614    281    100    713    727    912    907     86    433    352    436    595    904    484     79    831    941     95    901    873    729    227    613    184    388    440      0    676    233    666    446    594    317    309    551    276 
   463    787    796    527    170    575    127    310    180     27    156    456     37    902    322    584    185    328    125    680    767    188    287    232     66    346    377    246    336    160    676      0     71    794    214    463    993    549    626    138 
   388    242     94    427    536    479     15    386    247    431     48     44    259    890    562    319    939    221     11    106    330     56     17     48    883    493     93     53    280     18    233     71      0    365    888    420    980    871    531    557 
   894    830    799    595    417    980    928     20    980    247    569     38    807    730    303     27    768    483    818    593    931    149      5    461    430    190    965     60    770    640    666    794    365      0    410    598    164    416    251    124 
   121     21    985      1    260    975    237    663    586    166    686    252    644    704    539    753     84     68    245    128    961    800    378    680    549    874    227    787    435     56    446    214    888    410      0    200    564    254    133    811 
   250     49    219    811    728    538    106     78     35    183    744    244    849    489    219    501      8    989    754    547     65    471    287    984    487    575    977    973    771    837    594    463    420    598    200      0    850    592    944    709 
   175    255    316    330     10    933    311    686    685    151    705    957    805    256     96    660    285    928     66    619    322    345    765    486    599     13    741    284    497    677    317    993    980    164    564    850      0    757    313    556 
   555    490     76    815    686    551    991    170    578    254    298    505    670    548    840    332    558    700     58    777    184    760    589    357    136    277    877    825     10    183    309    549    871    416    254    592    757      0    826     45 
   505     67    407     34     92    177    910    296     33    961    265    806    322    386    883    829    282    978    958    878    878    629    251     26    734    168    607      1    320    221    551    626    531    251    133    944    313    826      0    624 
   215    303    529    901    750    159    687    972    488    581     87    582    691     20    474    504    708    334     17    673    331    736    598    847    580    599    908    164    432    976    276    138    557    124    811    709    556     45    624      0 
