
     0     97     66     79     22     22     76     87     59     49     23     93     35     32     56      4     13     81     44     46     66     98     72     38      5     57     52     52     64     86      5     77     72      8     27     84     74     44      6     99     12     96     21     39     52     23     83     70     28     79     22     81      2     71      2     20     70     80     11     87     99     16     25     69      4     62     93     17     28     18     62      6     35     81      3     96     68     94     82     58     59     87     70     71     90     29      3     97     21     81     32     86     17     90     25      7     44     13     76     76 


 1000000    802    802    458     36    161    484    951    313    643    204    824    107    631    352    455    671     95    866    918     17    226    272    921    584    991    555    409    607    883    978    221    778    334    693    202    636    331    353    282    670    799    797    912    905    877    967    370    339    860     57    947    790    461    413    298    842    614    764    242    292    151    217    192    777    943    701    884    110    133    329    750    702    602    506    112    959    572    792    485    626    647    666     39    740    207    392    531    578    791     77    580    397    867    146    869     36    311    416    881 


     0    116     26    810    347    880    730     16    625    496    890    986    624    509    841    836    878      2    200    830    369    308    223    448     25    361    530     39    268    602    984    514    433    661    832     67    520    510    701     66    187    875    394     78    469    587    488      8    254    787    661    826     68     43     34     24    181    230    675    326    495     95    493    629    252    382    784    378    166      5    338      1    560    374    446    949    272    635    626    465    532    195    144    798     60    814    119    982    889    229    522    784    807    820    809    612     93    910    776    201 
   116      0    681    671    141    658    679    205    779    625    775     45    185    398    139    584    294    796    614    111    739    210     76    317    744    395    561    268    262     65    288    328    309    458    589    907    134    980    631    247    180    597    953    132    508    268    375    424    193    338    340    793    849    979    713    186    239    880    629    301    767    139    936    111    940    260    756     31    477    564    102      2    490     96    574    856    188    746    244    364    593    679    360    917     96    662    750    809    791    980    395    252    759    642    561    463    278    456      8    285 
    26    681      0    305    556    478    192    879    818    913     97    231    776     69    163    240    541    755    184    819    731    459    996    961     68    476    826    371    207    118    149    266    915    511    107    164    206    192    439    576    198    931    657    615    679    603    313    272    108    118    218    329    211    261     10    916    643    557    647    149    122    601    214    176    415    838    581    296    141    377    478    413    860    206    261    732    881    192    693    820    306    385    562     74    780    175    506    882      6      3    985    331    948    988    267     58    752    626    160    464 
   810    671    305      0    814     44     51    281    444    998      1    944    909    336    361    960     78    617    132     27    221    924    144    134    861    969    584    126    902    298    367    125    462    747    494    295     60    520    459    845     55    355    166     29    116    129    488    102      1    221     36     20    417    549     35    283    714    674    281    437     26    256    242    535    548    588    432    661    812    115    287    656    539    562    246    737    510    648    972    816    223    115    308    690    801    243    237    267    196    745    386    856    188    905     72    887    195    320    190    298 
   347    141    556    814      0    555    183    126     44    928    692    821    507    372    458    829    896    802    174    180    980    186    626    982    359    572    146    857    673    466    994    319      2    334     77    184     18    429    503    404    668    997     52    945    474    193    660    800    746    538     64    420    908     38    639    788    606    124    805     15    589    656    314    837    586    188    779    920    219    399      6    556    519    536    462     43    463    459    842    913     98    248    961    379    358    375    649    559    666    876    436    385    278    210    913    380    400    890    859    934 
   880    658    478     44    555      0    267    811    941    576    644    524    255    735    994    310    852    307    464    658    276    670    182     39    342    378    974    484    988    964    659    236    331     91    260    314    708    574    500    834    264     18    418    679    998     12    556    991    580    576    239    790    935    932    924    806    111    166    847    730    923    564    513    113     85    841     34    799     60    666    223    742    249    890    551    186    323    615    776    571    345    148     45    853    650    176     99    722    219    676    384    476    214    194    592    602    293    341    478    424 
   730    679    192     51    183    267      0    329    402    606    909    874    589    804    691    545    376    529    500    337    460    215    519    368    777    637    215    528    120     12    154    348     64    616    563    220    308    123     10    997    174    341    814    438    243    994    860     44    774    383     51    620    785    755    480    274    865    162     89    774    541    936    661    321     28   1000    961      7     15    556    563    227     18    259    312    388    261    269    543    435     37    596    155    411    402    834    613    616    936    266    699    396    269    525     82    366    307    572    862    667 
    16    205    879    281    126    811    329      0     24    971    108    799    168    437    811    326    168    385    612    123    211    569    738    798    149    395    536    323    131    234     56    153    639    646    517    506    598    131    712     88    177    617    411    623    227    369    370    446    664    876    121    191     90    224    212    743    596    268    608    670    792    493    995    955    100    220    532    996    243    171    228    583    321    520    870    228    718    241    878    372    839    606    147    793    839    900    984    359    703    230    930    611    180    265    455    584    107    334    881    607 
   625    779    818    444     44    941    402     24      0    504    875     60     64    144    869    734    825     87    933    324    323    514    496    674    591    544    350    839    633    603    773    234    165    200    363    477    974    568    293    610    617     13    122    962    593    889    352    606    689    255     17    524    948     67     71    980    760    935    852    945    148    824    336    380     33    127    119    926    933    334     15    677    545    153    204    682    105    534    988    939    332    680    587    948    213    163    913    533    434    663    269    569    467    342    520    306    815    265    283    327 
   496    625    913    998    928    576    606    971    504      0    419    158     23    334    970    122    939    453    131    612    131    817    224    850     49    616    512     25    660    539    812    857    988    527    199    251    704    521    958    455    298     25    985    181     65     20    156    592      6     60    185    219    461     67    452    619    605    205    114    882    277    947     51    458     89     16    823    648    319    998    254    288    298    196    613    274    329    639    433    882    607    833    546    180    715    810    234    212    599    939    160    246    786    892     99    158     65    887    802    639 
   890    775     97      1    692    644    909    108    875    419      0    407    900      6    727    388    668    605    592    223    110    364    506    530    762    197    710    685    800    406    879    621    422    665    746     94    526    137     21    383    265    639    165     64    127    475    206     90    821    966    124     44    266    301    350    640    212    271    200    770    810    486    411    399    361    350    182     54    467    411    752    923    653    992    727    438    322    989    976    893    134     22    147    587    509    280    218    388    101    946    432    147    629    779    626    632    564    698    470    236 
   986     45    231    944    821    524    874    799     60    158    407      0    795    851    256    257    933    664      4     11    145    110    764    705    745    803    941    810    874    677    839    747    447    378    640    601    957    105    156    265    666    177     88    431     55    174    359    485    537    612    616    148    612    635    492    400    616    658     70    894    693    827    136    106    647     46    173    970    234    794    833    828    681    849    963     41    809    611    810    286    552    112     85    885    588    875    177    549    258     87    657    183    482    578    128    995    201    855    830    425 
   624    185    776    909    507    255    589    168     64     23    900    795      0    197    410    964    374    724    652    139    244     84    178    448    145    613    144    322    250    849    204     31    411    115    464    387    521    224    565    307    742    435     29    804    191    936     33    669    651    737    397    939    104     93    577    587    129     12    285    244    942    188    680    467    666    181    590    950    360    194    660     85    815     54    497     14    547    116    251    820     97     41    319    421    184     68    572    740    829    591    985    499     97    306    148    711    514    103    862    597 
   509    398     69    336    372    735    804    437    144    334      6    851    197      0    206    856    969    691     98    311    507    666    658    586    443    383    290    783    255    752    210    257    442    234    253    847    845    847     77    480    965     18    741    526    551    585    896    583    664    659    999    393     13    246    187    938    222    796    609    487    189    832    131    266    423    148    376    101     63    333    402    617      1    735    933    304     79      6    323    596    599    336     64     34    288    355    132    226    161    589     19    782    978    117    506    272    816    653    870    225 
   841    139    163    361    458    994    691    811    869    970    727    256    410    206      0    816    283     98    919    637    407    817    115    741    961    711     28    969    269    255     73    754     46    372    525    897     45    728    121     79    904    222    638    157    671    542    299     51    755    794    777    492    222    810    465    983    834    335    476    653    650     58    449    985    934     12    817    580    814    919     61    928    941    501    747    943    215    725    401    138    195    177    319    692     17    301    961    848    567     83    274    316    867    374    759    429    468    320    102    594 
   836    584    240    960    829    310    545    326    734    122    388    257    964    856    816      0    192    185    814    726    813    338    167     10    499    166    814    877    504    987    418    880    376     94    311     80    387    894    779    691    678    798    594    129    552     61    846    837    949    540    586    657    663    618    208    155    378    754    544    388    141    294    132    484    424    238    883    471    803    486    254    638    316     64    754    833    479    336    254    716    669    519    794    225    367    446    367    686    907    174     80    939    681     55    537    616     36    924     36    514 
   878    294    541     78    896    852    376    168    825    939    668    933    374    969    283    192      0    885    461    706    913    382    704    312    610    997    125    996    877    967    519    405     82    913     91    711    422    234    700    186    951    596    173    173      7     12     35    618     22    709    199    434    675    399    116    997    955    687    638    205    751    270    184    485    756    741    597    218    973    256    405    725    717     25    989    767    514    238    251    195    513    635    134    372    153    810    941     87    682    417    966     32    284    759    128    206    202    406    343     56 
     2    796    755    617    802    307    529    385     87    453    605    664    724    691     98    185    885      0    629    964    500    942    405    116    346    341    615     80    289    541    825    134    863    748    807    981    238    792    588     58    255    540    656    704    550    118    970    468     35    960     22    821    891    183     55    468    141    103    747    270    939    704    222    133    206    977    335    645    481    318    512    599    983    361    282    852    726    594    485    773    159    300    744    661    175    621    136    347    433      4    580     14    854    110    566    117    590    215    775     12 
   200    614    184    132    174    464    500    612    933    131    592      4    652     98    919    814    461    629      0    944     79    720    200    682    761    642     40    518    113    323    722    809     19    899    515    642    806    711    472    502    180    851    887    211    842    146    132    498     83    572    657    489    487    353    416    938    301    454    858    587    255    933      5    133    245    100     58    107    116    721    122    241     61    256    387    327    978    571    784     20    217    234    357    220    161    423    804    670    453    667    988    457    703    636    314    887     18    753    890    690 
   830    111    819     27    180    658    337    123    324    612    223     11    139    311    637    726    706    964    944      0    305    529    137    147    267    279    209    211    250    153    407     25    166    784    808    661    716     96    208    678    982     21    307    622    240    183    180    605    670    943    974    316    233    100    639    219    881    638    862    840     48    248    174    988    772    202     75    580    701    132    476    714    840    216    341    269     31    642    139    874    554     98     29    599     31    267     33    789    724    842    161    885     35    470    262    886     65    534    145    162 
   369    739    731    221    980    276    460    211    323    131    110    145    244    507    407    813    913    500     79    305      0    489    995    570    964    445    293    811    552    790    789    565    167    377    881    140     16    314     19    456     70    362    357    460    712    250    199    411    135    538    782    201      8    556    193    183    118    231    972     85    321    884    715    286    458    695    913    762    569    695    492    708     57    544    715    140     99    561    519    642     96    703     17     74    688    204    216    844    196     96    490    897    565    954    665    239    329    974    882     98 
   308    210    459    924    186    670    215    569    514    817    364    110     84    666    817    338    382    942    720    529    489      0    673    165    695    769    796    318    129    120     74    489    835    260     17    258    268    792     19    113    319    534    826    403    422    736    794    851     35    373    969    145    434    448    717     95    237    454    665    639    433     71    355    383    253    130    477    195     73    197    680    344     14    624    136    255    474    179    381    698    814    193    792    157    280    581    225    957    152    862    374    204    864    586    524    693    479    122    830    865 
   223     76    996    144    626    182    519    738    496    224    506    764    178    658    115    167    704    405    200    137    995    673      0     38    160    321    228    580    217    140    942    246      4    501    719    697    490    373    697     88    639    246    772     71    649    964    726    449    626    240    695     91    668     42    465    175    921    835    753    278    975    907    773    190    908    190     71    425     58     64     88    596    959    967    943    329    206    254    109      2     74    469     45     95    483    131    102    558     87    982    288    688    841    281    796    932    236    176    631    438 
   448    317    961    134    982     39    368    798    674    850    530    705    448    586    741     10    312    116    682    147    570    165     38      0    531    274    501    941    972    271    248     28    755    392    716    575    733    979    499    539    840    170    350    330     16     41    470    540     44    993    247    500    251    434    761    776    548    739    739    885    135      7     16    250     83    414    933    729    328    676    918    177     22    562    351     37    436    156    871    714    373    275    826    436    863    355     95    629     31     84    625    144    722    718    510    951    704    855    328    985 
    25    744     68    861    359    342    777    149    591     49    762    745    145    443    961    499    610    346    761    267    964    695    160    531      0    508    437    265    188    867    319    605     14    720    270    337    689    897    518    528     71    180    302    648    782     17    156    443    670    481    641    262    130    692    580    767    207    287    829     49    242    224    955    907    662    160    188    644     92    419    618    257    247    956     49    257    174    717    410    221    207    527    704    909     45    681     64    472    492    156    839    717    544     54    867    237     63    526    964    116 
   361    395    476    969    572    378    637    395    544    616    197    803    613    383    711    166    997    341    642    279    445    769    321    274    508      0    979    129    798    935    765    587    790    866    443    457    909    725    283    174    529    742    995    589      7    788    622    250    973    259     62    769    230    150    365    677    510    183    448    671    337    674    492    947    519     71    999    846    494    632    112    660    430    157    707    616    821    142    994     71    325    326    749    344    827    277    675    673    541    652    301    803    401    598    805   1000    812    296    675    223 
   530    561    826    584    146    974    215    536    350    512    710    941    144    290     28    814    125    615     40    209    293    796    228    501    437    979      0     60    193    693    865    691    819    506    248    143    809    691    323    513    837    599    866    219    100    888    215    912    431    938     11    653    301    764    907    496    512     10    315    111     12    817     37     13     50    142    974    667    973    580    181    846     93     34    598     22     10    134    929    168    980    185     68     89    113    496    753     87    348     31    582    480    543    509    177    787    831    241    675    968 
    39    268    371    126    857    484    528    323    839     25    685    810    322    783    969    877    996     80    518    211    811    318    580    941    265    129     60      0    284     45    360    772    327    625    194    288    139    609    362    826    413    188    855    591      1    638    544    796    257    301    488    503    149    304    931    654    133    747    407    401    683    425    603    264    490    819    759    743    636    191    981     94    946    521    711    540     54    339    652    527    349    426    334    677    214    975     36    115    586    585     65    653     26    403     21    156    743    380    238    271 
   268    262    207    902    673    988    120    131    633    660    800    874    250    255    269    504    877    289    113    250    552    129    217    972    188    798    193    284      0    561    547    899    597    346    354     86    648    997    708    928    874      6    161    983    275    751     84    704    194    923    725    379     15    183    342     94    806    518     56    133    812    269    854    873    929     33    562    159    961    295    641    311    405    265    859    749     75    624    425     68     56    978    117    532    283    489    395     53    710    181    912    678    362     24     80    137    101    256     63    394 
   602     65    118    298    466    964     12    234    603    539    406    677    849    752    255    987    967    541    323    153    790    120    140    271    867    935    693     45    561      0    852    876    824    492    823    989    855    337    565    330    584    906    834    687    475    544    860    467    504    219    334     92    888    941    245    833    874    569    646    640    478    644    752    686    624    256     80    420    524    180    460    660    104    919    632    537    221    718    478    211    293    115    839    100    629    276    842    995    227    136    961    360    748    662    421    861     27    306    820    351 
   984    288    149    367    994    659    154     56    773    812    879    839    204    210     73    418    519    825    722    407    789     74    942    248    319    765    865    360    547    852      0    395    274    529    592    593    452    691    222    201    641    649    170    449    459     76     47     99    765    863    444    811    836    411    249    242    592    674    272    149    824    102    227    421    619    425    569    343    771    501    433    752    182    769    643    174     61    867    153    135    880    628    407    366    483    332    685    481    583    659    537    445     79    957    599    876     53    581     50    262 
   514    328    266    125    319    236    348    153    234    857    621    747     31    257    754    880    405    134    809     25    565    489    246     28    605    587    691    772    899    876    395      0     64    966    516    746     47     11    562    626    930    172    743      2    548    957     23    587    362    473    705    302    791    852    457    884    819    830    565    463    420     34    961    388    717    962    643     96    396    604    601     32    997    922    521    838    531    555      3    238    405    280    171    972    485    508    130    395    882    414    880    756    123    325    411    379    207    777    643    145 
   433    309    915    462      2    331     64    639    165    988    422    447    411    442     46    376     82    863     19    166    167    835      4    755     14    790    819    327    597    824    274     64      0    502    383    725    850    838    293     15    656    598    627    688    315    190    166     46    631    666    769    562    968    855    538    846    205    297    156    807    849    212    396    615    831    644    240    537    776    224    602    856    341    353    264    717    776    769    238    397    570    614    551    501      3    145    281    423    132    742    728    741    648    605     48    592    242    384    395    207 
   661    458    511    747    334     91    616    646    200    527    665    378    115    234    372     94    913    748    899    784    377    260    501    392    720    866    506    625    346    492    529    966    502      0    293    299    857    778    651    410    611    637    640    284     17    393    399    450    826    713     69    183    860    396    286    159    577    994    417    352    102    879    341    121    848    265    122    678     38    340     52    663    589     15    443    355    997     28    432    299    451    874    312    940     14    652    737     83    842    916    582    171    896    160    241    708    482     88    770    794 
   832    589    107    494     77    260    563    517    363    199    746    640    464    253    525    311     91    807    515    808    881     17    719    716    270    443    248    194    354    823    592    516    383    293      0    537     34    771    291      7    156    676    690    360    229    858    847    784    954    771    415     70    180    982    166    443    493    254    593    461     51    205    387    237    963    704    106    274    624     19     33    448    831    897    474    263    642    184    508     67    834    447    975    153     72    391    233    909      3    330    902    522    612    816    852    551    917    178    165    750 
    67    907    164    295    184    314    220    506    477    251     94    601    387    847    897     80    711    981    642    661    140    258    697    575    337    457    143    288     86    989    593    746    725    299    537      0    253    605    185    830    274    622    815    999    398    899     89    767    690    574    356    803    247    485    226    542    189    776     28    772    663     85    360     25    720    237    721    993    167    484    778    122    184    878    186    107    903    535    847    788    607    451     45    704    277    104     89    980    707    959    990     44     21    895    279    760     50    606    892    445 
   520    134    206     60     18    708    308    598    974    704    526    957    521    845     45    387    422    238    806    716     16    268    490    733    689    909    809    139    648    855    452     47    850    857     34    253      0    437    935    675    179    277    759    983    267    662     52    879    536    965     61    620     57    563    795    331    466    779    868    837    417    883      4    153     21    436    353    270    240    791    216     24     81    179     41    524    681    114      5    285    748     54    450    134    207    604    421    462    299    819    895    433    662    824    598    642     17    760    229    816 
   510    980    192    520    429    574    123    131    568    521    137    105    224    847    728    894    234    792    711     96    314    792    373    979    897    725    691    609    997    337    691     11    838    778    771    605    437      0    208    780    629    980    792    365    564    602    691    417    931    727    214    182    177    456    743    453    827    557    555    424    499    392    969    244    180    410    121    202     47    689    422    784    180    257    329    388    127    547    331    215    134    151    335    122    485    760    393    368    350    248    917    213    374    144    218    647    683    681    758    404 
   701    631    439    459    503    500     10    712    293    958     21    156    565     77    121    779    700    588    472    208     19     19    697    499    518    283    323    362    708    565    222    562    293    651    291    185    935    208      0    859    417    820    560    193    130     44    375    596    995    606    148     67    783    287    109    231    756    857    882    859    174    401    820    279    871    259    638    636    688    132    471    226      1    860    968    146    157     63    916    794    119    211    510    164    136    131    674    236    907    802    629    989    257    800    512    377    122    912    925    994 
    66    247    576    845    404    834    997     88    610    455    383    265    307    480     79    691    186     58    502    678    456    113     88    539    528    174    513    826    928    330    201    626     15    410      7    830    675    780    859      0    774    334    253    671    813    867    694    217    900    397     63    332    569    538    699    626    833    430    704    998    769     36    624    805    258    791    852    175    645    137    596    310    461    228     58     55    145    684     79    631    484    114     57    780    192    667    939    358    400    354    657    915    370    888    981    519    664    554    590    415 
   187    180    198     55    668    264    174    177    617    298    265    666    742    965    904    678    951    255    180    982     70    319    639    840     71    529    837    413    874    584    641    930    656    611    156    274    179    629    417    774      0    557    861      9    288    660     13    664    201    209    575    737    760    317    780    435     53    649     97    831    862     27    129    456    786    386    553    919    218    801    873    492     73    895    985     11    228     12    663    138    718    864    215    214    129     89    848    194    743    631    851    803    790    358     33    211    201    135    744    483 
   875    597    931    355    997     18    341    617     13     25    639    177    435     18    222    798    596    540    851     21    362    534    246    170    180    742    599    188      6    906    649    172    598    637    676    622    277    980    820    334    557      0    588      2    867    791    639    171    268    888    133    993    317    909    177    445    530    606    136    327    101    245    235    920    812    664    389    151    230     48    539    858     42    818    462    157    431    627    389    990    548    138    605    535    887    250    933    375    137    109    605    287    376     68    146    217    833     45    891    892 
   394    953    657    166     52    418    814    411    122    985    165     88     29    741    638    594    173    656    887    307    357    826    772    350    302    995    866    855    161    834    170    743    627    640    690    815    759    792    560    253    861    588      0    386    282    136    717    824    728    101    720     68    990    114    878    248    358    564    236    789    622    858    278    514    579    404     64    288     55    161    426    738    959     14    630     49    244    119     74    778    285    365    595    335    226    285    834    761    699    188    868    877    398     55    699    940    139    382    204    338 
    78    132    615     29    945    679    438    623    962    181     64    431    804    526    157    129    173    704    211    622    460    403     71    330    648    589    219    591    983    687    449      2    688    284    360    999    983    365    193    671      9      2    386      0    614    923    816     43    243    735    695    993    732    124    103    667    499    985     77    123    254    992    228    726    409    423     42    505    521    695    550    112    573    430    920     80    341    584    854    680    838    351    700    154    728    748      9    395    647    566    191    649    178    730     74    922    395    917    653    358 
   469    508    679    116    474    998    243    227    593     65    127     55    191    551    671    552      7    550    842    240    712    422    649     16    782      7    100      1    275    475    459    548    315     17    229    398    267    564    130    813    288    867    282    614      0    122    631    220    862    763    869    602    569    851    813    377    550    785    308     95    521    510    652     87    282    942    143    522    636    290     60    584    820    113    193    876    178    517    502    741    273    143    168    477     22    943    787    973    248    506    205     61    862    265    733    106    892    592     66    938 
   587    268    603    129    193     12    994    369    889     20    475    174    936    585    542     61     12    118    146    183    250    736    964     41     17    788    888    638    751    544     76    957    190    393    858    899    662    602     44    867    660    791    136    923    122      0    966    176     55    890    137    674    369    725    311    320    462    514    394     78    670    607    710    159    196    320     61    249    683    338    274    477    400    653    207    289    671    589     22    610    746    495    731    460    716    666    160    605    175    415    138    206    315    232    682    506    967     20    693    363 
   488    375    313    488    660    556    860    370    352    156    206    359     33    896    299    846     35    970    132    180    199    794    726    470    156    622    215    544     84    860     47     23    166    399    847     89     52    691    375    694     13    639    717    816    631    966      0    916    225    741    537    297     63    902    445    333    188     72    106    230     99    704    788    930      4    459    637     96    242    218     97    193    982    595    282    814    596     92    576    570     30    747    857    134    318    620    683    581    452    161    920    839    324    575    523     28    600    443    418     81 
     8    424    272    102    800    991     44    446    606    592     90    485    669    583     51    837    618    468    498    605    411    851    449    540    443    250    912    796    704    467     99    587     46    450    784    767    879    417    596    217    664    171    824     43    220    176    916      0    607    210    317    822    491    160    422    962    490    348    167     13    341    107     34     24     46    699    172    367    658    390    217    140    711    558    909    177    325    783    695    610    150    657    365    763    404    142    154    598     69     72     70    764    861    968    237    979    793    168    909    968 
   254    193    108      1    746    580    774    664    689      6    821    537    651    664    755    949     22     35     83    670    135     35    626     44    670    973    431    257    194    504    765    362    631    826    954    690    536    931    995    900    201    268    728    243    862     55    225    607      0    644    743    734    765    897    555     15    418    609    377    952    842    880    798    117    557    199    638    892    970    344     16    765    663    471    807    991    413    306    195    823    807    254    429    118    754    267    166    566    495    886    729    586    277    452    840    170     67     84    631    793 
   787    338    118    221    538    576    383    876    255     60    966    612    737    659    794    540    709    960    572    943    538    373    240    993    481    259    938    301    923    219    863    473    666    713    771    574    965    727    606    397    209    888    101    735    763    890    741    210    644      0     12    522    624    393    252    162    879    839    254    422    474    837     13    616    819    758     38    575    234    285    198    154    399    564    546    716    406    883    580    659     48    477    275    904     33    916    119    212    324    620    494    456    111     85    483    692     60    781    680    499 
   661    340    218     36     64    239     51    121     17    185    124    616    397    999    777    586    199     22    657    974    782    969    695    247    641     62     11    488    725    334    444    705    769     69    415    356     61    214    148     63    575    133    720    695    869    137    537    317    743     12      0    742    377    464    968    554    763    173    170     89    611    429    977    257    305    991    265    626    402    107    178     61    527     85    640    908    250    813    901    909    781     84    635    643     45    935    890    139    801    367    232    898     87    203    372    850    377    628    302    924 
   826    793    329     20    420    790    620    191    524    219     44    148    939    393    492    657    434    821    489    316    201    145     91    500    262    769    653    503    379     92    811    302    562    183     70    803    620    182     67    332    737    993     68    993    602    674    297    822    734    522    742      0    741    549    904    337    604    767    300    358    562    756     48    345     92    612    225     29    148     21    767    706     39    124    966    810    146    535    292    578    261    997    357    421    484    761    515    733    525    514    238    925    739    379    672    788    233    691    711     68 
    68    849    211    417    908    935    785     90    948    461    266    612    104     13    222    663    675    891    487    233      8    434    668    251    130    230    301    149     15    888    836    791    968    860    180    247     57    177    783    569    760    317    990    732    569    369     63    491    765    624    377    741      0    370    111    280    310     22    120    355    498    729    209    917    419    707    589    139    301    725    930    419    329    984    815    176    210    218    180    592    155     21    433    178    963    774    191    842    441    591    653    861     48    874    435    708    511    488    686    109 
    43    979    261    549     38    932    755    224     67     67    301    635     93    246    810    618    399    183    353    100    556    448     42    434    692    150    764    304    183    941    411    852    855    396    982    485    563    456    287    538    317    909    114    124    851    725    902    160    897    393    464    549    370      0    165    218    564    863    645    417    668    204     64     90    529    464    698    904     11    356    990    248    845    978    540    220    977    757    795      3    743    687    493    391     80    821    137    988    153    822    701    168    584    611     26    826    670    676    998    179 
    34    713     10     35    639    924    480    212     71    452    350    492    577    187    465    208    116     55    416    639    193    717    465    761    580    365    907    931    342    245    249    457    538    286    166    226    795    743    109    699    780    177    878    103    813    311    445    422    555    252    968    904    111    165      0    114    175    288    784    636    390    930    233    584    793    486    807     90    712    613    837    799     26    203    268    227    830    294    152    311    330    332    447    998    450    968    223    386    208    246    752    895    447    267    308    476    364    566    911     32 
