
     0     78     12     33     18     45     27      7     20     20      6     24     15     71      8     30     63     10     65     44     14     22     86     21     40     71     73     67      2     54     91     20     37    100     29     23     38     11      7     60     79     21     37     40     97     22     97      6     58      3     98     39     23     26      2     90     11     36     82     63 


 1000000   1399   4652   8267   1929   5104   3924   5384   9821   5060   5989   2558   5123   3888   1908   9219   5570    251   3016    636   2713   9288    376   3448   8654   8611   5670   1110    870   2037    987    536   1509   3130    547   5245   4423   6229   5035   3689   7390   3201   8362    871   7262    667    301   1729   5478   9487    806   6719   3840   7696   7926   7631   8156    555   3432   4515 


     0    466    706    495    868    204    209    638    634    834    812    427    145    763    511    793    312    392    736    156    718    347    142    744      9    426    121    566    723    412    311    699     99    904     30    267    651    746     12    835    275    721    927    653    190    908    742    636    805    549      4    568    800    378    221    432     95    350    252    229 
   466      0    198    537    206    114    773    485     58     45    375     86    476    382    792    881    544    260      6    226    744    489    880    960    532    799    620     67    909    828    195    239    531    347     50     74    164    763    315    185    314    740    482    845    138    421    981    188    550    140    277    830    648    962     85    302    581    244    396    199 
   706    198      0    938    738     62    585    223    105     99    211    873    110    140    767    520    231    960    245    370    872    104    306    582    771    343    428    694    714    983    872     59    543    889    983    494    470    190    223    957    382    650     10    747    291    684    231    766    642    348    378    277    708    164    133     96    153    815    159    578 
   495    537    938      0     17    603    648    516    200    521    673    873    217    642    115    842     24    453    130    591    878    845    535    619    963    394     43    799     64    904    355    743    980    961     32    833    639    435    398    426    518    261    227    105    227    565    119    626     19    464    932    665    223    709    255    734    428    119    357    328 
   868    206    738     17      0    300    531    343    651     85    876    655    273    237    268    400    735    662    178    753    608    524    950    500    985    597    468    546     62    456    655     96    244    240    643    587    924    382    717     83     37    824    756     62    720    520    243    170    207    767    279    402    700    741    425    584    681    410    348    635 
   204    114     62    603    300      0    609    865    974    659    650    466     24    877    100    610    873    246     41    138    174    437    832    251    800    732    356    216    837    583     87    842    186    937    507     74    541    351    520    967    251    950    648    696    310    240    652    612    875     13    726     46    533      9    274    527    391    627     64    253 
   209    773    585    648    531    609      0    510    194    486    845     65    635    347    624    689    829    463    159    704    762    583    935    486    119    489    520    340    355    628    152     59    710    272    773    385    181    135    366    777    668    169    823    911    988    285     64    156    798    666    173    123    403    719    605     83    277    975    625    627 
   638    485    223    516    343    865    510      0    477     99    306    910    622     56    471    886    956     19    464    498    927    142    180    590    374    769     92    790    139    640    962    484    690    243    374    736    180     31    719    278     96    687     51    242    871    971    155    465    474    638    699    636    875    522    929    879    127    449     96    711 
   634     58    105    200    651    974    194    477      0     54    734    920    229    955    710    602     11    891    693    205    858    442    418    901    418    563    537    246    987    597      9    362    979     11    156    581    296     96    895    882    867    446     25    663    539    485    424    790    195     70    451    259    115    258    408    230     74    402    667    387 
   834     45     99    521     85    659    486     99     54      0    227    147    345    993    971    710      4    535    375    638     47    503    136     95    428    970    336    636    508    961     59     81    353    223    264    796    694    214    226    687    277    108    425    458    781    992    328    771    204    243    840    903    593    426    224    653    586    120    729    273 
   812    375    211    673    876    650    845    306    734    227      0    834      1     95    609      7    659     88    268    512    890    991    145     15    544    113    375     97    283    698    317    283    656    152    272    316    812    383    367    256   1000    848    945    366     40    277    764     30    741      7    230    744    543    588    101    918    781     13    256    271 
   427     86    873    873    655    466     65    910    920    147    834      0    482    280    894    498    168    241     89    642    791    524    915    651    275    281    819    267    905    857    254    872    971    179    916    191    871    342    583    478    341    310    971    928    623    373    924    219    115    496     36    750    910    381    846    369    218    808    466    897 
   145    476    110    217    273     24    635    622    229    345      1    482      0    113    184    215    716    631    782    352     24    269    675    661    297    522    929    623     57    432    933    703    991    552    603    757    908    408     70    582    188    156    502    802    985    151    712    378    857    885    179    351    165    374    839    835    709    681    537    108 
   763    382    140    642    237    877    347     56    955    993     95    280    113      0    125    326    911    677    477    202    883    406    310    494    529    698    553    746    622    423    905     91    274    627     43    677    475    685    628    690    740    753    609    226    263    553    244    971    746    886    895    951    224    925    342     70     79    364    806    980 
   511    792    767    115    268    100    624    471    710    971    609    894    184    125      0    170    989    228    361    529    439    858      4    239    639    625    240    111    383    172    726    426    600    170    893    593    802    918    740    151    217     42    729    587    178    957    901    333    121    726    249    791    999    448    750     58      8     13    466    231 
   793    881    520    842    400    610    689    886    602    710      7    498    215    326    170      0    676    136    978    915    401    133    143     94    768    609    285    482    248     86    483    578    334    470    331    594    781    259    183    369    533    686    296    427    654    846    224    314    624    520    105    251    621    456    911    610    446    485    467    500 
   312    544    231     24    735    873    829    956     11      4    659    168    716    911    989    676      0    669    354    587    400    176    368    252    345     60    888    668    783    248    561    635    139    120    272    617    124    370    628    119    975    161    660    632    436    757    175    387    674    191    368    715    506    924    234    149    998    944    595    794 
   392    260    960    453    662    246    463     19    891    535     88    241    631    677    228    136    669      0    100    117    791     89    172    738    189    888     78    485    770    807     91    985    911    883    966    112    761     34    769     44    847    233    727    222    212    836    425    548      5    898    215    649    376    757    245     75    863    526    866    136 
   736      6    245    130    178     41    159    464    693    375    268     89    782    477    361    978    354    100      0     92    736    620    464    849    483    145    179    716    898    182    687    329    922    443    760    620    461    244    881    943    733    953    565    154     72    540    764    481    436    835    364    746    632    494    864    929    672    853    669    690 
   156    226    370    591    753    138    704    498    205    638    512    642    352    202    529    915    587    117     92      0    628    882     94    652     87    691    930    722    501    255     83    880    298    413    119    245     71    707    397    878    491    435    637    722   1000    940    304    359    103    236    721    997    652     24    475    196    448     54    999    957 
   718    744    872    878    608    174    762    927    858     47    890    791     24    883    439    401    400    791    736    628      0    765    279    357    652      8    350    333    777    849    408    800    807    259    215    742    740    122     95     73    715    228    549    622    854    176    229    103     92    866    773    107    601    562    877    696    850    694     67    933 
   347    489    104    845    524    437    583    142    442    503    991    524    269    406    858    133    176     89    620    882    765      0    161    554    773    140    498    169    276    172     78    890    113    313    491    811    252    983    142    290    581    936    113    447    639    991    937     87    243     52    154    158    522    517    642    388    119    270    995      6 
   142    880    306    535    950    832    935    180    418    136    145    915    675    310      4    143    368    172    464     94    279    161      0    375    462    853    800    612    785    108    415    249    838    197    863    458    270    127    990     97     91     83    588    419    886    166    169    501      6    199    162    777    551    817    860    645    405    633    130    951 
   744    960    582    619    500    251    486    590    901     95     15    651    661    494    239     94    252    738    849    652    357    554    375      0    208    905     17    929     98    191    370    149     86    753    987    141    445    442    646     83    453    241    638    891    576    199    740    824    411    405     71    219    283    825    210    955    813    590     11    231 
     9    532    771    963    985    800    119    374    418    428    544    275    297    529    639    768    345    189    483     87    652    773    462    208      0    823    579    342    683    153    253    624    422    964    146    618    926    238    271    997    681    894    907    318    244    237    567    669    435    637    393    978    909    344    624    486    919    669    545    363 
   426    799    343    394    597    732    489    769    563    970    113    281    522    698    625    609     60    888    145    691      8    140    853    905    823      0    831     29    811    500    139    709    164    747    384    241    623    541    964    606    980    147    592    204    589    379    182    325    309    150    842    332    279     51    135    443    389     73    105    229 
   121    620    428     43    468    356    520     92    537    336    375    819    929    553    240    285    888     78    179    930    350    498    800     17    579    831      0    705    740    593    340    748    775     78    973    863    811    657    956     83    531    782    169    844    893    452     83    106    327    523    269    584    179    402    104    692    272    925     59    962 
   566     67    694    799    546    216    340    790    246    636     97    267    623    746    111    482    668    485    716    722    333    169    612    929    342     29    705      0    331     19    942    433    331    647    180    648     43    333    340    161    661    574    884    907     45    339    793     46    888    185    155    655    313     69    482    765    710    285    334    255 
   723    909    714     64     62    837    355    139    987    508    283    905     57    622    383    248    783    770    898    501    777    276    785     98    683    811    740    331      0    227    646    474    314    821    642    675    109    887    393     25    720    226    363    230    549    192    314    213    779    264    524    783    809    864     32      6     32    294     88    831 
   412    828    983    904    456    583    628    640    597    961    698    857    432    423    172     86    248    807    182    255    849    172    108    191    153    500    593     19    227      0    625    356    361    492    493    980    182    674    469    239     60    875    551    248    838    154    187    550    677    805    412    221    978    456    283    661    121    530    649    712 
   311    195    872    355    655     87    152    962      9     59    317    254    933    905    726    483    561     91    687     83    408     78    415    370    253    139    340    942    646    625      0    977    113    587    334    427    255    908    601    299     14    981    136    938    460    449    634    874    114    330    862    828    521    885    130    448    435    236    225    990 
   699    239     59    743     96    842     59    484    362     81    283    872    703     91    426    578    635    985    329    880    800    890    249    149    624    709    748    433    474    356    977      0    783    329    984     61    534     26    197    382    345    950    359    488    488    435    305     12    668     46    514    811    527    514    732    271    845    147    417    577 
    99    531    543    980    244    186    710    690    979    353    656    971    991    274    600    334    139    911    922    298    807    113    838     86    422    164    775    331    314    361    113    783      0     47    195     45    398    368     71    180    466    680    748    672    418    214    124    431    539    403    648    277    535    816    260    179      8    152    367     11 
   904    347    889    961    240    937    272    243     11    223    152    179    552    627    170    470    120    883    443    413    259    313    197    753    964    747     78    647    821    492    587    329     47      0    887     31    982    287    749    579    610    306    927    761    708    260    504    375    756    733    831     21    496    326    429     24    254    611    420    815 
    30     50    983     32    643    507    773    374    156    264    272    916    603     43    893    331    272    966    760    119    215    491    863    987    146    384    973    180    642    493    334    984    195    887      0    736    147    286    707    716    517    109     33    905    551    256    104    681    606    264    589    804    128    228    955    422    769     19    519    305 
   267     74    494    833    587     74    385    736    581    796    316    191    757    677    593    594    617    112    620    245    742    811    458    141    618    241    863    648    675    980    427     61     45     31    736      0    881    321    236     84    946    957      7    232     94    930    144    754    211    746    404    990    353    241    209    147    513     27    627    208 
   651    164    470    639    924    541    181    180    296    694    812    871    908    475    802    781    124    761    461     71    740    252    270    445    926    623    811     43    109    182    255    534    398    982    147    881      0    404    157    821    593    308    204    783    461    546    674    325    443     59    984     52    238    753    966    205    152     21    988    125 
   746    763    190    435    382    351    135     31     96    214    383    342    408    685    918    259    370     34    244    707    122    983    127    442    238    541    657    333    887    674    908     26    368    287    286    321    404      0    872    614    925    715    497    291    828    250    879    932    102    777    932    957    711    145    599    266    410    648    454    695 
    12    315    223    398    717    520    366    719    895    226    367    583     70    628    740    183    628    769    881    397     95    142    990    646    271    964    956    340    393    469    601    197     71    749    707    236    157    872      0    444    312    356     79    609    144    947    846    573    219    468    139    100    680    591    892    662    704    231    163    232 
   835    185    957    426     83    967    777    278    882    687    256    478    582    690    151    369    119     44    943    878     73    290     97     83    997    606     83    161     25    239    299    382    180    579    716     84    821    614    444      0    249    128    353    247    426    365    323    363    517    988     16    657    473    641    744     90    173     99   1000    897 
   275    314    382    518     37    251    668     96    867    277   1000    341    188    740    217    533    975    847    733    491    715    581     91    453    681    980    531    661    720     60     14    345    466    610    517    946    593    925    312    249      0    690    979    957     24    502    485    965    176    665    515     52     11    343    686    487    341    984    240    156 
   721    740    650    261    824    950    169    687    446    108    848    310    156    753     42    686    161    233    953    435    228    936     83    241    894    147    782    574    226    875    981    950    680    306    109    957    308    715    356    128    690      0    212    310     10    156     46    368    262    643    380    122     41    213    178    861    889    261    417    262 
   927    482     10    227    756    648    823     51     25    425    945    971    502    609    729    296    660    727    565    637    549    113    588    638    907    592    169    884    363    551    136    359    748    927     33      7    204    497     79    353    979    212      0    880    125    846    403    264    265    919    954    864    936    180    939    263    153    719    641    682 
   653    845    747    105     62    696    911    242    663    458    366    928    802    226    587    427    632    222    154    722    622    447    419    891    318    204    844    907    230    248    938    488    672    761    905    232    783    291    609    247    957    310    880      0    662    861    259    840      2    639    952    745    463    186    485    965     18    465    554    124 
   190    138    291    227    720    310    988    871    539    781     40    623    985    263    178    654    436    212     72   1000    854    639    886    576    244    589    893     45    549    838    460    488    418    708    551     94    461    828    144    426     24     10    125    662      0    130    418    617     19    141     70    213      8    246    221    565    929    588    493     81 
   908    421    684    565    520    240    285    971    485    992    277    373    151    553    957    846    757    836    540    940    176    991    166    199    237    379    452    339    192    154    449    435    214    260    256    930    546    250    947    365    502    156    846    861    130      0     88     52    729      5    389    656    766    963    214    695    899    908    535    805 
   742    981    231    119    243    652     64    155    424    328    764    924    712    244    901    224    175    425    764    304    229    937    169    740    567    182     83    793    314    187    634    305    124    504    104    144    674    879    846    323    485     46    403    259    418     88      0    369     35     37    258    124    325    432    181    151     39    666    211    304 
   636    188    766    626    170    612    156    465    790    771     30    219    378    971    333    314    387    548    481    359    103     87    501    824    669    325    106     46    213    550    874     12    431    375    681    754    325    932    573    363    965    368    264    840    617     52    369      0    838    121     65     53    823    234    812    104     61    648    217    127 
   805    550    642     19    207    875    798    474    195    204    741    115    857    746    121    624    674      5    436    103     92    243      6    411    435    309    327    888    779    677    114    668    539    756    606    211    443    102    219    517    176    262    265      2     19    729     35    838      0    416    814    442    567    353    931    701    242    322    533    374 
   549    140    348    464    767     13    666    638     70    243      7    496    885    886    726    520    191    898    835    236    866     52    199    405    637    150    523    185    264    805    330     46    403    733    264    746     59    777    468    988    665    643    919    639    141      5     37    121    416      0    192    973    887    384    756    586    306    762    644     56 
     4    277    378    932    279    726    173    699    451    840    230     36    179    895    249    105    368    215    364    721    773    154    162     71    393    842    269    155    524    412    862    514    648    831    589    404    984    932    139     16    515    380    954    952     70    389    258     65    814    192      0    177    687    212    185    770    570    542    585    920 
   568    830    277    665    402     46    123    636    259    903    744    750    351    951    791    251    715    649    746    997    107    158    777    219    978    332    584    655    783    221    828    811    277     21    804    990     52    957    100    657     52    122    864    745    213    656    124     53    442    973    177      0    904    102    359    838    312    544    745    326 
   800    648    708    223    700    533    403    875    115    593    543    910    165    224    999    621    506    376    632    652    601    522    551    283    909    279    179    313    809    978    521    527    535    496    128    353    238    711    680    473     11     41    936    463      8    766    325    823    567    887    687    904      0    668    769    267    999    419    784    880 
   378    962    164    709    741      9    719    522    258    426    588    381    374    925    448    456    924    757    494     24    562    517    817    825    344     51    402     69    864    456    885    514    816    326    228    241    753    145    591    641    343    213    180    186    246    963    432    234    353    384    212    102    668      0     51    190    947    797     40    524 
   221     85    133    255    425    274    605    929    408    224    101    846    839    342    750    911    234    245    864    475    877    642    860    210    624    135    104    482     32    283    130    732    260    429    955    209    966    599    892    744    686    178    939    485    221    214    181    812    931    756    185    359    769     51      0    283    389    270    999    140 
   432    302     96    734    584    527     83    879    230    653    918    369    835     70     58    610    149     75    929    196    696    388    645    955    486    443    692    765      6    661    448    271    179     24    422    147    205    266    662     90    487    861    263    965    565    695    151    104    701    586    770    838    267    190    283      0    106    992    198    254 
    95    581    153    428    681    391    277    127     74    586    781    218    709     79      8    446    998    863    672    448    850    119    405    813    919    389    272    710     32    121    435    845      8    254    769    513    152    410    704    173    341    889    153     18    929    899     39     61    242    306    570    312    999    947    389    106      0     58    237    716 
   350    244    815    119    410    627    975    449    402    120     13    808    681    364     13    485    944    526    853     54    694    270    633    590    669     73    925    285    294    530    236    147    152    611     19     27     21    648    231     99    984    261    719    465    588    908    666    648    322    762    542    544    419    797    270    992     58      0    259    354 
   252    396    159    357    348     64    625     96    667    729    256    466    537    806    466    467    595    866    669    999     67    995    130     11    545    105     59    334     88    649    225    417    367    420    519    627    988    454    163   1000    240    417    641    554    493    535    211    217    533    644    585    745    784     40    999    198    237    259      0    496 
   229    199    578    328    635    253    627    711    387    273    271    897    108    980    231    500    794    136    690    957    933      6    951    231    363    229    962    255    831    712    990    577     11    815    305    208    125    695    232    897    156    262    682    124     81    805    304    127    374     56    920    326    880    524    140    254    716    354    496      0 
