
     0      1     59     69     45     23     19     75     33     91     47     10     54     30     13     14     76     76     82     22     26     66     12     33     58     74     26     63      5     75     92     36     26     61     36     37     11     41     29     94     52     43     97      8     10     29     56     74      8     27      2     81     16     94     16     64      8     60     74     24 


 1000000     85     44     27     63     81     56     79     21     97     64     90     62     36      3     13     94     48     75     93     37     94     56     66     23     28     20      3     31     25     11      9     58     54     11     20     45     23     31     25     74     11     27     97     86     73     91      5     59     88     36     17     92     99     90     62     34     55     66     95 


     0   3796   7692   8151   8169   3881   8460   4427   6936   8276   5160   6484   3031   9324    326   4935   9326    845    322   1893   5466   7989   2716   1846   3462   2205   2176   3703   5596   1497    566   1633   4364   8658   6394   8203   1948   1218   4382    465   2337   1169   2447   2853    812   8191    261   2279   4376   9538   7135   2672   2466   1377   4622   4548   2442   7504   5440   2631 
  3796      0    426    237    719   3471   7524   5564    555   6076   8624   9487   7110   4548   6102   9352   6318   8707   4392   8787    208   4881    708   1726   6506   5189   8297   1228   5857   7481   2439   2105   5460   6863   2539   1215   6240   8996   6315    137   1734   6546   6222   2838   5802   1131   7520   9841   7981   1667    245   4256   4029   1486     43   4859   8331   1723   5220   4253 
  7692    426      0   5725   9951    484   7392   4325   5142   6264   3749    912   9878   2119    578   9859   2165   5710   3312   7139   9902   5830   2852   1477   2670   5016   1165   9269   2229   7892   6815   9802    634   1838    590   2746   8190   4633   7949   8025   7828    568    584   8807   7488   4579   5519   4922   4334   9927    837   1482   6405   2369   8409    908    429   4459    132   9921 
  8151    237   5725      0   9710    792   9747   3711   3594   5228   1653   6352    892   8432   8168   1545    290   3524   6816   2141   5655   4357   2328   2516   2229    817   2157   8406   1417   8424   9736   8748   9736     38   7963   4728   3458   3534   4542   1218   7284   8809   7819   6263   2611   9214   2872   9310   3975   6148   9892   7883   9605    374   8181   3831   8336   1573   4672   3934 
  8169    719   9951   9710      0   9873   7380   8792   7531   1461   2320   8283   6113   2696   1935    826   8012   4463   3403    744    343   1435   8110   6694   4734    875   6863   2382   9447   1489   8109   7917   7356   2921   6187    901   8844    870   8109   1810   9859   1486   6514   9836   5718   5272   8370   9725    915   6740     10   1044   3976   5770   1733   7466   5139   6294   3197   9204 
  3881   3471    484    792   9873      0   3930   8691   1299   6185   9947    631   4362   5717   2055   1503   4970   3758   2234   9002    772   2021   7166   4266   5168   1105   4048   5194   1503    615    691   2026    494   8988   7907   8849   2856   8703   5948   7220   1935   8066   1293   2818   4907   9112   2775   1956   4420   5572    154   9282   2348   8288   7761   6919   6753   3564   9900   2521 
  8460   7524   7392   9747   7380   3930      0   8162   2008   4302    770   1359   4868   7720   4931    949   3271   1030   2779   5802   5677   3912   2451   2342   3430   1124    413   8402   9692   8554   8141   1445   1043   4023   7399   3036   7206   1021   1961   4906   5664   6770   9499   8480   1914   3161   7013   4463   8724   9454   8000   9707   7109    390   5809   1986   1671   6437   6451   4349 
  4427   5564   4325   3711   8792   8691   8162      0   2829   4129   1939   1829   1207   1688   6800   4954    873   8333   7299   9600   1607   2040   2636    875   2901    110    878   7787    461   5182   5212   1483   1953   4445   6949   3175   3650   7269   6573   1788   2128   1945   3116   1285   1428   1244   5916   4466   4907     50   5630   3675   4981   6038   4301   7509   3182     47   7318   2724 
  6936    555   5142   3594   7531   1299   2008   2829      0   9003   8620    902   9986   1304   4327    469   6046   9840   1385   2515    200   4541   4361   9121   5628   2866   8555   2466   7325   5622   2758   1826   4276   8818   8374      6   9448   3005   4516   1509   8480   9990   7698   8486   9559   6691   9419   2587   3679   5833   3002   9101   8393    220    409   6249   6387   5640   7005   2794 
  8276   6076   6264   5228   1461   6185   4302   4129   9003      0   7538    832    336   2376    418   8501    639    496   7708   2426   3429   5332    599   4182   8487   1077   6643   2218   6401   6223   3793   6805   8320   1924    662    821   5345   1341   2497   1152   9194   6781   7370   7090   5032   3239   8526   1768   5337   5138   2633   7468   6762   7818   5875   7459   1810   1482   7629   9653 
  5160   8624   3749   1653   2320   9947    770   1939   8620   7538      0    320   4215   1517   8588   7219   7968   7864   6735   3865   1779   1999   6992   8634   4626   8413   5219   4694   7527   9664   9777   5259   8532     54   2893   7323    239   4665    821   2173   1133   5470    572   9058   6109   6618   6597   4332   1143   6342   7092   2425   8261   5876   7569   6358   4530   4978   9245   4465 
  6484   9487    912   6352   8283    631   1359   1829    902    832    320      0   7825   2303   4969   4111   6671   9595   4963   3520   2716   7508   7619   1599   3927   1373   2518   7790   5833   3505   1370   5201   2291   3465   8058   8618   4795   4217   7947   7076   1619   5170   7462   5091   5564   2323   5975   4812   5242   1905   1447   6593    376   9577   9094    256   3454   3107   9004   2828 
  3031   7110   9878    892   6113   4362   4868   1207   9986    336   4215   7825      0   2321   3993   4097   7356   9179   3160   3466     98   3163   7286   2773   1950   9647   8116   6903   5684   9952   4710   3781   6730   6861   5888   3313    615   4427   6227   6070   3064   7469   3928   7814    548   5055   7307   2787    307   9272   4844   6955   4586   6767   2754   1817   4122   7598   3969    568 
  9324   4548   2119   8432   2696   5717   7720   1688   1304   2376   1517   2303   2321      0   2650   9045   7390   8953   3985   1073   1471   8568   8024   9390   4680     27   8623   7881   8115   5468   2926   2362   7311   3336   7248   4193   8956   8135   8171   8479   7398   5501   5954   8614   6672   8497   5230   5908   2931   9949   4377   4349   7911   1190   3021    328   9568   4797   7517   1836 
   326   6102    578   8168   1935   2055   4931   6800   4327    418   8588   4969   3993   2650      0    972   7222   9235   3115   9740   2295    585   8030   9729   5348   2539   2785   3705   3834   3485   5537   5658   3930   1032   9684   8542    343   4923     89   1647   1121   6479   5617    164   6563   9547   2333   4364   7067   9881   3960   3275   7498   1944   3495   2419   8444   3908   4719    500 
  4935   9352   9859   1545    826   1503    949   4954    469   8501   7219   4111   4097   9045    972      0   9176   4738   2598   1382   1610   7728   2830   3302   1599   1853   1390   1216    882   1028   6946   3148   2166    959    372   2875    501   2569   7628   8467   2967   2164   8533    537   6004   2396   7088   9550   4542   6955   2030   3630   7786   1359   5577   2004   1999   7848   2739   7873 
  9326   6318   2165    290   8012   4970   3271    873   6046    639   7968   6671   7356   7390   7222   9176      0   5121   5974   1010   9839   2494   4450   1114   7649   1754   3372   7388    509   5079   5765   5247   1388   5351   2653   1549   1728   2534   3823   9152   2135   4674   2491   1469   8544   3245   7572   3856   2203   1062   9612   6121   8966   4627   4701   3878   8084   9331   8424   9826 
   845   8707   5710   3524   4463   3758   1030   8333   9840    496   7864   9595   9179   8953   9235   4738   5121      0   7536   2562   4787   2669    531   5308    462   4765   3618   6406   8246   4516   5963   8762     62   2898   4225   1091   9370   5853    278   4664   4142   8367   3896   5229   5606   4912   4607   2167   9463   2069   4021   9263   2182   3992   4551   3434   6134   2248    907   6231 
   322   4392   3312   6816   3403   2234   2779   7299   1385   7708   6735   4963   3160   3985   3115   2598   5974   7536      0   9576   1138   2434   5274   1374   4497   2224    247   6336   9539   1961   2321   9059   7149   5406   6083   4743   2929   1432   6240   1055   7325   7380   4152   2886   4871   3823   8795   3887   4518   3924   2737   6381   5123   4355   2633   8261   2513   1428   3937   2480 
  1893   8787   7139   2141    744   9002   5802   9600   2515   2426   3865   3520   3466   1073   9740   1382   1010   2562   9576      0   9881   2605    231   2229   9642   8911   1327   1670   8032   1031   6260   7834   3811   6900   1315   8283   7890   6980   3653   2464   3712    404   1772   1981   3342   3863   1840    922   2666   7062   4347   6561   1544   4121    563   4347   1871   7236   2983   5165 
  5466    208   9902   5655    343    772   5677   1607    200   3429   1779   2716     98   1471   2295   1610   9839   4787   1138   9881      0     21   9670   2908   2799   1358   2045   7193   6205   7026   6446     80   6209   6973   1028   8767   7840   1292   8582   8791   2388    597   7293   7708   1018   8887   6678   1453   3405   7634   5077   8196   7682   1161   6330   1136   1781   2038   4153   8882 
  7989   4881   5830   4357   1435   2021   3912   2040   4541   5332   1999   7508   3163   8568    585   7728   2494   2669   2434   2605     21      0   9236   1486    132   3350   7834   4758     43   9812    174   4164   2695   9190   1293   5881   9394   3675   3045   4894   4235    844   5763   4045   7305   6462   6431   6803   2093   1864   3446   6772   1965    294   3640   9102   5278    238   7347    833 
  2716    708   2852   2328   8110   7166   2451   2636   4361    599   6992   7619   7286   8024   8030   2830   4450    531   5274    231   9670   9236      0   7410   7809   4416   9614   3106   4709   3564   2478    813   1489    745    549   6241   1578   3381   4296   3433   2396   2299   5835    759   7516   3753   9791   1636   5996   4898   2938   1846   3487   3125   2280   4960   9087   9676   1154   6048 
  1846   1726   1477   2516   6694   4266   2342    875   9121   4182   8634   1599   2773   9390   9729   3302   1114   5308   1374   2229   2908   1486   7410      0   8523   3497   4893   6405   2742   4206   8229   1471   1837   8284   3818    380   5736   5390   3002   2688   2019   2566    335   1188   2909   7704   7451   3585    114   3606   3955   1934   9558   4284    297    473   9778   8220   5405   2899 
  3462   6506   2670   2229   4734   5168   3430   2901   5628   8487   4626   3927   1950   4680   5348   1599   7649    462   4497   9642   2799    132   7809   8523      0   9682   5500   7237   1422   4702   5326   2426   9707   1336   5024   5510   6495   2502   7045   6493   8821   3074   3204   6792   8042   8639     63   9560   2212    253   1318   7178   4660   4656   4925   9606   4430   6908   7611   3805 
  2205   5189   5016    817    875   1105   1124    110   2866   1077   8413   1373   9647     27   2539   1853   1754   4765   2224   8911   1358   3350   4416   3497   9682      0   1382   8597   4964   2179   7613   6405   2505   4730   9052   5901   9950   6896    144   3649   4524   4810   8247    782   9368   7809   4313     94   7540   9933   2378   9774   1940   9169   5311   1374   8275   3862   7662   6841 
  2176   8297   1165   2157   6863   4048    413    878   8555   6643   5219   2518   8116   8623   2785   1390   3372   3618    247   1327   2045   7834   9614   4893   5500   1382      0    487   3978   7707   8807     49   4491   3792   9584   1337    720   7101   4146   1242   3976   6560   9766   3994   3493   6934   7583   6156   9787   8418   8788   2121    772   8957   7918   1676    263    367   9796   8013 
  3703   1228   9269   8406   2382   5194   8402   7787   2466   2218   4694   7790   6903   7881   3705   1216   7388   6406   6336   1670   7193   4758   3106   6405   7237   8597    487      0   9273   8237   3221   7392   7251   9635   2423   5167   7685    115   1967   2148   4762   5294   3089   3707   7485    642   9113   9592   8731   1365   8553   9460   5482   8961   3733   8446   7256   5088   9324   6496 
  5596   5857   2229   1417   9447   1503   9692    461   7325   6401   7527   5833   5684   8115   3834    882    509   8246   9539   8032   6205     43   4709   2742   1422   4964   3978   9273      0   4520   4858   4985   2414    697   2060    329   2694   6360   8715   4094   2484   9032   6089   1445   6645   2896   6182   6196   5023   7381   8059   2966   2478   1064    786   3898   8433   7090   3978   3258 
  1497   7481   7892   8424   1489    615   8554   5182   5622   6223   9664   3505   9952   5468   3485   1028   5079   4516   1961   1031   7026   9812   3564   4206   4702   2179   7707   8237   4520      0    486    557   7866   1785   7748   3909   2036   9648   5239    320   4300    936   6705   2811   1608   2571   1006   1686   3401   5463   7768   3281   9131   1892   3597   9672   2842   5847   3470    635 
   566   2439   6815   9736   8109    691   8141   5212   2758   3793   9777   1370   4710   2926   5537   6946   5765   5963   2321   6260   6446    174   2478   8229   5326   7613   8807   3221   4858    486      0   7445    934   4601   3234   7734   3662   2472   1200   7090    994   5259   9222   6751   2485   8483   7354   7236    171   3360   1896   5092   3132    669   9208    701   3929   9771   1233   2638 
  1633   2105   9802   8748   7917   2026   1445   1483   1826   6805   5259   5201   3781   2362   5658   3148   5247   8762   9059   7834     80   4164    813   1471   2426   6405     49   7392   4985    557   7445      0   9363   9067   5694   4152   7656   1823   1710   4038   1312    419   2737    239   3720   5272   6032   6747   8317   7938   5309   7684   1148    338   3805   8687   6073   3013   6561   8218 
  4364   5460    634   9736   7356    494   1043   1953   4276   8320   8532   2291   6730   7311   3930   2166   1388     62   7149   3811   6209   2695   1489   1837   9707   2505   4491   7251   2414   7866    934   9363      0   6413   6318   6219    632   4885   2721   2528   9323   2999   5202   5690   6530   5014   3566   1152   5522   5913    632   1497   3449   1432   9942   6253   3153   4984   8636   6541 
  8658   6863   1838     38   2921   8988   4023   4445   8818   1924     54   3465   6861   3336   1032    959   5351   2898   5406   6900   6973   9190    745   8284   1336   4730   3792   9635    697   1785   4601   9067   6413      0   3489    743   5000   9205   9850    954   1392   8415    848   9670   8377   8331    903   5277    617    956   2368   2938   8639   4310   3540   9935   9521   2438   7888   7181 
  6394   2539    590   7963   6187   7907   7399   6949   8374    662   2893   8058   5888   7248   9684    372   2653   4225   6083   1315   1028   1293    549   3818   5024   9052   9584   2423   2060   7748   3234   5694   6318   3489      0    279   2225   3170   8821   6085   9776   6211   7022   7118   2395    324   5127   5975   4916   1325   4398   6425   1686   1700   1536   2316   1071   7819   5602   8816 
  8203   1215   2746   4728    901   8849   3036   3175      6    821   7323   8618   3313   4193   8542   2875   1549   1091   4743   8283   8767   5881   6241    380   5510   5901   1337   5167    329   3909   7734   4152   6219    743    279      0   3162    381   8576   5725   6225    202    502   3949   3889   7216   9612   7815   3727   3740   8838   7999   6619   2625   5243   1117   6130   8136   9332   2011 
  1948   6240   8190   3458   8844   2856   7206   3650   9448   5345    239   4795    615   8956    343    501   1728   9370   2929   7890   7840   9394   1578   5736   6495   9950    720   7685   2694   2036   3662   7656    632   5000   2225   3162      0    874   8937   7561   6307   8440   4857   5879   6488   3892   8692   4437   3091    769   9004   6985    704   9910   1330   4741   4553   4689   4837    774 
  1218   8996   4633   3534    870   8703   1021   7269   3005   1341   4665   4217   4427   8135   4923   2569   2534   5853   1432   6980   1292   3675   3381   5390   2502   6896   7101    115   6360   9648   2472   1823   4885   9205   3170    381    874      0   1027   3757    761   4655   9001   3010   3065   7090   3958   6637   1935    639   8038   7713   1794     65    494   9613   3842   3318   3834   2830 
  4382   6315   7949   4542   8109   5948   1961   6573   4516   2497    821   7947   6227   8171     89   7628   3823    278   6240   3653   8582   3045   4296   3002   7045    144   4146   1967   8715   5239   1200   1710   2721   9850   8821   8576   8937   1027      0   6480   4575   1208   4807   2578   1399   9859   9502   5669   9768   8803   2618   2531   4379   9106   4283   5303    942    306   1113   5501 
   465    137   8025   1218   1810   7220   4906   1788   1509   1152   2173   7076   6070   8479   1647   8467   9152   4664   1055   2464   8791   4894   3433   2688   6493   3649   1242   2148   4094    320   7090   4038   2528    954   6085   5725   7561   3757   6480      0   6796   4717   2385   9888   8504   4428    364    526   2523    236   1409    526   6335    877   1100   9045   4444   2894   5551   7045 
  2337   1734   7828   7284   9859   1935   5664   2128   8480   9194   1133   1619   3064   7398   1121   2967   2135   4142   7325   3712   2388   4235   2396   2019   8821   4524   3976   4762   2484   4300    994   1312   9323   1392   9776   6225   6307    761   4575   6796      0    642   2069   4473   8455   8006   3746    293   3146   6513   8310   3366   1004   3558   9152   9264   2264   4964   2793    345 
  1169   6546    568   8809   1486   8066   6770   1945   9990   6781   5470   5170   7469   5501   6479   2164   4674   8367   7380    404    597    844   2299   2566   3074   4810   6560   5294   9032    936   5259    419   2999   8415   6211    202   8440   4655   1208   4717    642      0   6161    860   7408   4352   8141    451   8808   9934   9845   8538   5648   3531   4412    573   4626   1987   1150   9562 
  2447   6222    584   7819   6514   1293   9499   3116   7698   7370    572   7462   3928   5954   5617   8533   2491   3896   4152   1772   7293   5763   5835    335   3204   8247   9766   3089   6089   6705   9222   2737   5202    848   7022    502   4857   9001   4807   2385   2069   6161      0   3600   6393   5067   1779   8908   2155   5300   7191   2519   5703   9460   2796   2077   3453   7490   5872   6062 
  2853   2838   8807   6263   9836   2818   8480   1285   8486   7090   9058   5091   7814   8614    164    537   1469   5229   2886   1981   7708   4045    759   1188   6792    782   3994   3707   1445   2811   6751    239   5690   9670   7118   3949   5879   3010   2578   9888   4473    860   3600      0     54   9270   7457   3311   2148   2346   1546    178   4682   3395   9088   1187   7518   8720   4573   2180 
   812   5802   7488   2611   5718   4907   1914   1428   9559   5032   6109   5564    548   6672   6563   6004   8544   5606   4871   3342   1018   7305   7516   2909   8042   9368   3493   7485   6645   1608   2485   3720   6530   8377   2395   3889   6488   3065   1399   8504   8455   7408   6393     54      0   1246   6946   2604    555   3168   6268   9925   3291   6829   6652    473   7984    510   6746   1072 
  8191   1131   4579   9214   5272   9112   3161   1244   6691   3239   6618   2323   5055   8497   9547   2396   3245   4912   3823   3863   8887   6462   3753   7704   8639   7809   6934    642   2896   2571   8483   5272   5014   8331    324   7216   3892   7090   9859   4428   8006   4352   5067   9270   1246      0   9742   2984    193   3010   1916   8278   7708   8372   4140   6325   4258   6373    142    356 
   261   7520   5519   2872   8370   2775   7013   5916   9419   8526   6597   5975   7307   5230   2333   7088   7572   4607   8795   1840   6678   6431   9791   7451     63   4313   7583   9113   6182   1006   7354   6032   3566    903   5127   9612   8692   3958   9502    364   3746   8141   1779   7457   6946   9742      0    292     72    294   9596   3766   7203   2619   9021   8348   1032   8306   6618   1960 
  2279   9841   4922   9310   9725   1956   4463   4466   2587   1768   4332   4812   2787   5908   4364   9550   3856   2167   3887    922   1453   6803   1636   3585   9560     94   6156   9592   6196   1686   7236   6747   1152   5277   5975   7815   4437   6637   5669    526    293    451   8908   3311   2604   2984    292      0   1587   9898   2039   9953   4244   4824   9856    133    654   4133   3020   5345 
  4376   7981   4334   3975    915   4420   8724   4907   3679   5337   1143   5242    307   2931   7067   4542   2203   9463   4518   2666   3405   2093   5996    114   2212   7540   9787   8731   5023   3401    171   8317   5522    617   4916   3727   3091   1935   9768   2523   3146   8808   2155   2148    555    193     72   1587      0   4352    791   3555   1904   2194   7405   6717    483   4595   7118   1196 
  9538   1667   9927   6148   6740   5572   9454     50   5833   5138   6342   1905   9272   9949   9881   6955   1062   2069   3924   7062   7634   1864   4898   3606    253   9933   8418   1365   7381   5463   3360   7938   5913    956   1325   3740    769    639   8803    236   6513   9934   5300   2346   3168   3010    294   9898   4352      0   6224   1682   9220   6491   1470    218   4469   6823   7071    386 
  7135    245    837   9892     10    154   8000   5630   3002   2633   7092   1447   4844   4377   3960   2030   9612   4021   2737   4347   5077   3446   2938   3955   1318   2378   8788   8553   8059   7768   1896   5309    632   2368   4398   8838   9004   8038   2618   1409   8310   9845   7191   1546   6268   1916   9596   2039    791   6224      0   1955   9949   8622   1908    516   1765   5722   9053   3156 
  2672   4256   1482   7883   1044   9282   9707   3675   9101   7468   2425   6593   6955   4349   3275   3630   6121   9263   6381   6561   8196   6772   1846   1934   7178   9774   2121   9460   2966   3281   5092   7684   1497   2938   6425   7999   6985   7713   2531    526   3366   8538   2519    178   9925   8278   3766   9953   3555   1682   1955      0   3535   1236   1862   3449    316   5878   1441   2566 
  2466   4029   6405   9605   3976   2348   7109   4981   8393   6762   8261    376   4586   7911   7498   7786   8966   2182   5123   1544   7682   1965   3487   9558   4660   1940    772   5482   2478   9131   3132   1148   3449   8639   1686   6619    704   1794   4379   6335   1004   5648   5703   4682   3291   7708   7203   4244   1904   9220   9949   3535      0   9743   8772   2646   7429   4644   4119   1727 
  1377   1486   2369    374   5770   8288    390   6038    220   7818   5876   9577   6767   1190   1944   1359   4627   3992   4355   4121   1161    294   3125   4284   4656   9169   8957   8961   1064   1892    669    338   1432   4310   1700   2625   9910     65   9106    877   3558   3531   9460   3395   6829   8372   2619   4824   2194   6491   8622   1236   9743      0   2622   7585   9351   4226   1517   5275 
  4622     43   8409   8181   1733   7761   5809   4301    409   5875   7569   9094   2754   3021   3495   5577   4701   4551   2633    563   6330   3640   2280    297   4925   5311   7918   3733    786   3597   9208   3805   9942   3540   1536   5243   1330    494   4283   1100   9152   4412   2796   9088   6652   4140   9021   9856   7405   1470   1908   1862   8772   2622      0   9385   2398   1971   8618   3593 
  4548   4859    908   3831   7466   6919   1986   7509   6249   7459   6358    256   1817    328   2419   2004   3878   3434   8261   4347   1136   9102   4960    473   9606   1374   1676   8446   3898   9672    701   8687   6253   9935   2316   1117   4741   9613   5303   9045   9264    573   2077   1187    473   6325   8348    133   6717    218    516   3449   2646   7585   9385      0   9320   1627   9280   5466 
  2442   8331    429   8336   5139   6753   1671   3182   6387   1810   4530   3454   4122   9568   8444   1999   8084   6134   2513   1871   1781   5278   9087   9778   4430   8275    263   7256   8433   2842   3929   6073   3153   9521   1071   6130   4553   3842    942   4444   2264   4626   3453   7518   7984   4258   1032    654    483   4469   1765    316   7429   9351   2398   9320      0   3687   1391   5606 
  7504   1723   4459   1573   6294   3564   6437     47   5640   1482   4978   3107   7598   4797   3908   7848   9331   2248   1428   7236   2038    238   9676   8220   6908   3862    367   5088   7090   5847   9771   3013   4984   2438   7819   8136   4689   3318    306   2894   4964   1987   7490   8720    510   6373   8306   4133   4595   6823   5722   5878   4644   4226   1971   1627   3687      0   4075   6477 
  5440   5220    132   4672   3197   9900   6451   7318   7005   7629   9245   9004   3969   7517   4719   2739   8424    907   3937   2983   4153   7347   1154   5405   7611   7662   9796   9324   3978   3470   1233   6561   8636   7888   5602   9332   4837   3834   1113   5551   2793   1150   5872   4573   6746    142   6618   3020   7118   7071   9053   1441   4119   1517   8618   9280   1391   4075      0   1035 
  2631   4253   9921   3934   9204   2521   4349   2724   2794   9653   4465   2828    568   1836    500   7873   9826   6231   2480   5165   8882    833   6048   2899   3805   6841   8013   6496   3258    635   2638   8218   6541   7181   8816   2011    774   2830   5501   7045    345   9562   6062   2180   1072    356   1960   5345   1196    386   3156   2566   1727   5275   3593   5466   5606   6477   1035      0 
