
     0     34     77     77     91     12      9     72     87     65      4      3     56      3     20     28     64     33     75     87     14     77     70     77     56     35     52     31     83     37     71     15     85      5     46     17     10     20     52     27     27     39     16     59     22     49     89     43     96     19     68      2     27     99     90      6     47     25     68     34 


 1000000     47     78     58     82     70     10     59      6     10     46     91     96     38     10     77     11     70     32     62     79      6     96     77      5     28     85      5     46     85      1     56      1      3     39      7     94     27     67     95      2     11     78     45     20     20     78     61     94     72     62     14     78     45      9     46      6     42     55     59 


     0     31    982    752    260    246    667    366    690    709    613    703    397    827    238     70    895    209    958    909    190    874    695    456    629    769    253    816    835    432    589     60      4     10    838    241    999    298    888     42    758    590    468    238    170    592     62    967     84    236    552    200    171     74    604    127    336    456    674    265 
    31      0     54     83    865    418     53     46    541    134    156    778    180    644    656    347    426    957    260    414     81    498     18    463      7    412    852     58    239    681     80    168    283    307    719    403    494    148    418    667    402     33    747    759    451    880    290    595    399    258    280    509    390    117    510    327    119    200    238    261 
   982     54      0     64    501    216    515    115    310    685    785    321     22    894    386    428    923    492    597    830    813    183     42    821    923    607    550    692    468    612    907    826    321    209    236    429    160    776    577    726    467    961    455     77    553    510     22    316     58    874    207     56     77    710    314    266    280     48    598    191 
   752     83     64      0    101    886     99    311    359    240    987     14    524    139     82    983    795    873    480    268    441    638    760    735    626    362    790    751    940    420    238    277     38    282    891    421    420    130    105    726    277    405    631    556     93    362    956    830    416    452    652     13    403    779    880    216    364     18    550     41 
   260    865    501    101      0    965    988    563    366    283    862    779     81    734    929    215     86    138     34     15    566    215    847    216     71    829     51    327    927    622     51    686    365    388    779    254    103    901    157    127    909    928    767    898    537    543    106     90    207    834    223    824    442    596    675     76    484    638    723    143 
   246    418    216    886    965      0    788    743    809    853    375    640    456    226    723    792    456    799     81    712    298    164    594    915    993    419    490    635    220    747    360    233    995    227    811    270    568     19    600    151     89    424    686    717    285    522     20     39     97    261    920    752    181    226    114    554    715    705    859    911 
   667     53    515     99    988    788      0    976    759    103    314    190    174    937    255    664    438    526    252    269    916    152    489    102    588    165    167    359    117    709    545     18    120    179    458    350    649    653    584    485    670    231    320    601    621    992    503    135    885    231    805    963    492    876    758    891     45    385    783    753 
   366     46    115    311    563    743    976      0    722    149    414      6    614    589     88    770    152    183    784    446     20    914    364    913    468    800     26    529    685    987    421    297    236     97    599    510    905    514    339    305    248    632    229     47    758    367     92    355    205    173    360    154    185     97    132     44    262    600    386    269 
   690    541    310    359    366    809    759    722      0    169    123    894    354    877     27     18    415    634    165    924    275     63    798     72    640    439    867    415    722    273     42    371    778    549     59    221    596    471    324    797    207    949    296    208    561     64    569    296     43    255    279    918    265    734    148    295    601    275     53    633 
   709    134    685    240    283    853    103    149    169      0   1000    746    179    424    914     55    238    967     65    931    150    304    513    201    495    364    302     93    595    367    594    907    409    613      5    197    708    353      9    441    663    894    107    102    387    227    200    929    468    171    800    677    396    328    230    379    489    103    198     12 
   613    156    785    987    862    375    314    414    123   1000      0    118    269    252    905    607    873    569    308    917    359    704    676    770    256    919     19    717    148    535    682    573    928     43    941    349    115    383    948    652    632    658    404    118    865    522    953     86    195    540    123    632    970    511    998     52    519    100    927    358 
   703    778    321     14    779    640    190      6    894    746    118      0    546    857    382    601    967    722     48    989     16    764    485    414     65    879    608    825    844     55    209    283     93    740     64    958    951    295    435    689    499    828    515    746    716    257    828    211     35    273    796    989    482    591     19    536     90    740    327    328 
   397    180     22    524     81    456    174    614    354    179    269    546      0    827    657    668    522    545    223    477    136    720    350    125    747    201    513    227    179     52    254    212    835    895    923    629    991     68    510    416    833    859    463    742    241    985    727    607    179    548    834    181    655    242    397    386    343     92    358    702 
   827    644    894    139    734    226    937    589    877    424    252    857    827      0    757     55    130    897    517    221    134    637    776    431    762    103    728    156    951    847    317    314     95    863    961      7    204     89    419    866    200    924    653    657    798    398    440    493    980    363    630    430    601    830    651    607    188    235    145    613 
   238    656    386     82    929    723    255     88     27    914    905    382    657    757      0    896    389      1    742    184      4    355    124    372     31    304    764    951    174    904    848    781    519    711     71    114     96    603    230     89    416    781    456     53     84    893    775    779    758    986    471    570    434    454    732    995     40    876    485    713 
    70    347    428    983    215    792    664    770     18     55    607    601    668     55    896      0    132    931    799    490    642    641    594    543    419    640    688    593    249    581    667    498     93    835    649     39    715    379     81    702    117    407    516    687     69    842    407    980    633    903    944    175    264    376    415    706    382    832    441     71 
   895    426    923    795     86    456    438    152    415    238    873    967    522    130    389    132      0    551    156    306    536    376    612    258    628    492    704    253    179    469    968    789    299    161    155    287    562    683    487    622     41     80    647    547    363    876    324    315    821     18     30    819    609    498     26    369    561    970    733     50 
   209    957    492    873    138    799    526    183    634    967    569    722    545    897      1    931    551      0    197    298    395    886    748    113    737    705    700    683    235    194    809    599    434    824    422    241    315    152    822    992    971    199    475    862    104    381    815    396    650    358    103    141    830    329    906    812    649    346    228     37 
   958    260    597    480     34     81    252    784    165     65    308     48    223    517    742    799    156    197      0    756    482    987    636    407    908    668    487     59    428    121    737    887     98     48    877    481    542    599    769    336    891    669    541    192    931    439    619    924    272    135    159    711     51     40    821    931    118     33     75    694 
   909    414    830    268     15    712    269    446    924    931    917    989    477    221    184    490    306    298    756      0    466    998    883    655    437    389    511    397    731    190    902    917     18    990    431      7    418    967    543    561    650    279    297     92    929    502    706    785    595     49     26    583    501    692    537    124     72    432     16    598 
   190     81    813    441    566    298    916     20    275    150    359     16    136    134      4    642    536    395    482    466      0    848     99    361    102    655    310    474    582    535    454    958    700    194    947    982    223    330    861     40    272    309    226    646    526    955     61    451    278    961    263    652    710    254     73     80    680     99     22    341 
   874    498    183    638    215    164    152    914     63    304    704    764    720    637    355    641    376    886    987    998    848      0    827    487    269    716    452    274    748    753    484     41    398    493    282    608    565    522    271    821    370     19    628     55    566    789    140     53    645    191     26     28    396    537    435    947    400    310    172     87 
   695     18     42    760    847    594    489    364    798    513    676    485    350    776    124    594    612    748    636    883     99    827      0    715    710    306    206    904    107    504    219    325     79    728      1    669    560    547    796    172    253    346    813    588    640     35    664    572    853    257     49    241    882     78    207    480    509      8     92    128 
   456    463    821    735    216    915    102    913     72    201    770    414    125    431    372    543    258    113    407    655    361    487    715      0    116    764    418     83    195    862    864     77    313    651    893     64    981    675    841    183    679    743    614    843    361    815    500    525    769    913    481    100    816    407    771    886    683    585    861     16 
   629      7    923    626     71    993    588    468    640    495    256     65    747    762     31    419    628    737    908    437    102    269    710    116      0    138    135     70    116    439    253    160    824    920    249    632    501    651    157    305     97    693    347     85    670    678    280    244    955    579    931    438    227     55    179     27    556    628    176    468 
   769    412    607    362    829    419    165    800    439    364    919    879    201    103    304    640    492    705    668    389    655    716    306    764    138      0    374     19    803    790    181     20    521    976    850    268    252    824    650    213    591    441    158    790    307    547    127    305    782    200    438    513      7     54    902    224    665    372    227    506 
   253    852    550    790     51    490    167     26    867    302     19    608    513    728    764    688    704    700    487    511    310    452    206    418    135    374      0    551     78    292    345    275    573    492    269    418    805    693    119    617    110    985    379    259    375     18     64     51    628    870    151    667    905    404    766    784    111    735    546    610 
   816     58    692    751    327    635    359    529    415     93    717    825    227    156    951    593    253    683     59    397    474    274    904     83     70     19    551      0    423    359    691    798    863     37    209    462    262     10    893    549    657    824    192    373    539    734    651    603    308    832    537    453     90    115    101    598    649    297    435    785 
   835    239    468    940    927    220    117    685    722    595    148    844    179    951    174    249    179    235    428    731    582    748    107    195    116    803     78    423      0     46     10    411    537    306     50    118    716     33    817    303    120    553    419    899    855    950    703    980    359     18    145    607    178    777    132    190    229     76    996    940 
   432    681    612    420    622    747    709    987    273    367    535     55     52    847    904    581    469    194    121    190    535    753    504    862    439    790    292    359     46      0    406    274    299    143    993    823    884    116    649    615    200    395    560    843    300    984     49    626    500    413    125    549    145    775    245    234    980    170    129    560 
   589     80    907    238     51    360    545    421     42    594    682    209    254    317    848    667    968    809    737    902    454    484    219    864    253    181    345    691     10    406      0    705    645    387    535    602    809    169    248    129     76    423    774    843     56    543    480    955    236    269    405    577    705    483    604    952    819    576    112    332 
    60    168    826    277    686    233     18    297    371    907    573    283    212    314    781    498    789    599    887    917    958     41    325     77    160     20    275    798    411    274    705      0    844    527    841    804    885    442    189    445    888    229    708    335    515    171    210    858    625    686    161    386    983     77     63    810    786     73    458    648 
     4    283    321     38    365    995    120    236    778    409    928     93    835     95    519     93    299    434     98     18    700    398     79    313    824    521    573    863    537    299    645    844      0    165    789     54    460    193    538    847    191    364    425     39    504    145    114     69    943     44    716    895    952    552    493     44    104     27    619    367 
    10    307    209    282    388    227    179     97    549    613     43    740    895    863    711    835    161    824     48    990    194    493    728    651    920    976    492     37    306    143    387    527    165      0    398    978    861     20    102    990    363    914    785    311     54    245    272    705    882    927     51    350    543    112    251     21    300    734    260     21 
   838    719    236    891    779    811    458    599     59      5    941     64    923    961     71    649    155    422    877    431    947    282      1    893    249    850    269    209     50    993    535    841    789    398      0    520    306    136    369    118     19    964     53    426    767    696      7    853     94    603    297     21    167    412    457     53    861    786    111    398 
   241    403    429    421    254    270    350    510    221    197    349    958    629      7    114     39    287    241    481      7    982    608    669     64    632    268    418    462    118    823    602    804     54    978    520      0    632    171    900    410    905    792    325    658    312    294    101    382    270      9    177    121    537     46    961    402    375     83    812    270 
   999    494    160    420    103    568    649    905    596    708    115    951    991    204     96    715    562    315    542    418    223    565    560    981    501    252    805    262    716    884    809    885    460    861    306    632      0    210    320    808    422    611      7     40     60    166    300    884    950    515    876    214    126    165     73    237    468     26    903    688 
   298    148    776    130    901     19    653    514    471    353    383    295     68     89    603    379    683    152    599    967    330    522    547    675    651    824    693     10     33    116    169    442    193     20    136    171    210      0    632     12    282    685    120    366     96    244    410    263    386    151    616    665    160    313    242    160    577    269    238    225 
   888    418    577    105    157    600    584    339    324      9    948    435    510    419    230     81    487    822    769    543    861    271    796    841    157    650    119    893    817    649    248    189    538    102    369    900    320    632      0    268    548    921    712     36    541    122    465    169     40    700    512    322    213    643     51    283    375    828    128    787 
    42    667    726    726    127    151    485    305    797    441    652    689    416    866     89    702    622    992    336    561     40    821    172    183    305    213    617    549    303    615    129    445    847    990    118    410    808     12    268      0    241    227    722    566    384    264    634    345    271    840    518    152    196    372    985    253    595    510    700    926 
   758    402    467    277    909     89    670    248    207    663    632    499    833    200    416    117     41    971    891    650    272    370    253    679     97    591    110    657    120    200     76    888    191    363     19    905    422    282    548    241      0    971    948    370     40    221    913    967    263    713     71    347    214    311    544     30    696    995    225    516 
   590     33    961    405    928    424    231    632    949    894    658    828    859    924    781    407     80    199    669    279    309     19    346    743    693    441    985    824    553    395    423    229    364    914    964    792    611    685    921    227    971      0    566     29     14    810     30     31    417    758     34    176     41    665    444    223    226    940    102    863 
   468    747    455    631    767    686    320    229    296    107    404    515    463    653    456    516    647    475    541    297    226    628    813    614    347    158    379    192    419    560    774    708    425    785     53    325      7    120    712    722    948    566      0    950    305    977    775    189    923    869    964    270    660    896    169    277    199    607    156    158 
   238    759     77    556    898    717    601     47    208    102    118    746    742    657     53    687    547    862    192     92    646     55    588    843     85    790    259    373    899    843    843    335     39    311    426    658     40    366     36    566    370     29    950      0     67    833     43     46    100    198    708    542    125    419     99    545    209    685    829    637 
   170    451    553     93    537    285    621    758    561    387    865    716    241    798     84     69    363    104    931    929    526    566    640    361    670    307    375    539    855    300     56    515    504     54    767    312     60     96    541    384     40     14    305     67      0    358    791    913    114    882    191    720    354    620    106    489    736    647    178    803 
   592    880    510    362    543    522    992    367     64    227    522    257    985    398    893    842    876    381    439    502    955    789     35    815    678    547     18    734    950    984    543    171    145    245    696    294    166    244    122    264    221    810    977    833    358      0    917     81    535    672    305    434    800     89    532    220    146    187    691    456 
    62    290     22    956    106     20    503     92    569    200    953    828    727    440    775    407    324    815    619    706     61    140    664    500    280    127     64    651    703     49    480    210    114    272      7    101    300    410    465    634    913     30    775     43    791    917      0    477    116    825    245    670    764      6    157    128     24    439    908    973 
   967    595    316    830     90     39    135    355    296    929     86    211    607    493    779    980    315    396    924    785    451     53    572    525    244    305     51    603    980    626    955    858     69    705    853    382    884    263    169    345    967     31    189     46    913     81    477      0    543    139    180    670    428    349    575    367    748    293    756    962 
    84    399     58    416    207     97    885    205     43    468    195     35    179    980    758    633    821    650    272    595    278    645    853    769    955    782    628    308    359    500    236    625    943    882     94    270    950    386     40    271    263    417    923    100    114    535    116    543      0    586    223    917    238    632    231    427    126    532     60    188 
   236    258    874    452    834    261    231    173    255    171    540    273    548    363    986    903     18    358    135     49    961    191    257    913    579    200    870    832     18    413    269    686     44    927    603      9    515    151    700    840    713    758    869    198    882    672    825    139    586      0    727    523    905    252    420    965     29    737    738    483 
   552    280    207    652    223    920    805    360    279    800    123    796    834    630    471    944     30    103    159     26    263     26     49    481    931    438    151    537    145    125    405    161    716     51    297    177    876    616    512    518     71     34    964    708    191    305    245    180    223    727      0    911    138    540     25     39    546    879    557    997 
   200    509     56     13    824    752    963    154    918    677    632    989    181    430    570    175    819    141    711    583    652     28    241    100    438    513    667    453    607    549    577    386    895    350     21    121    214    665    322    152    347    176    270    542    720    434    670    670    917    523    911      0    251    762    386    520    564    565    587    892 
   171    390     77    403    442    181    492    185    265    396    970    482    655    601    434    264    609    830     51    501    710    396    882    816    227      7    905     90    178    145    705    983    952    543    167    537    126    160    213    196    214     41    660    125    354    800    764    428    238    905    138    251      0    331    345     88    855    512    229    116 
    74    117    710    779    596    226    876     97    734    328    511    591    242    830    454    376    498    329     40    692    254    537     78    407     55     54    404    115    777    775    483     77    552    112    412     46    165    313    643    372    311    665    896    419    620     89      6    349    632    252    540    762    331      0    462    582     39    553    706    588 
   604    510    314    880    675    114    758    132    148    230    998     19    397    651    732    415     26    906    821    537     73    435    207    771    179    902    766    101    132    245    604     63    493    251    457    961     73    242     51    985    544    444    169     99    106    532    157    575    231    420     25    386    345    462      0    242     18    973    153    479 
   127    327    266    216     76    554    891     44    295    379     52    536    386    607    995    706    369    812    931    124     80    947    480    886     27    224    784    598    190    234    952    810     44     21     53    402    237    160    283    253     30    223    277    545    489    220    128    367    427    965     39    520     88    582    242      0    339    878    645    221 
   336    119    280    364    484    715     45    262    601    489    519     90    343    188     40    382    561    649    118     72    680    400    509    683    556    665    111    649    229    980    819    786    104    300    861    375    468    577    375    595    696    226    199    209    736    146     24    748    126     29    546    564    855     39     18    339      0    941    624    565 
   456    200     48     18    638    705    385    600    275    103    100    740     92    235    876    832    970    346     33    432     99    310      8    585    628    372    735    297     76    170    576     73     27    734    786     83     26    269    828    510    995    940    607    685    647    187    439    293    532    737    879    565    512    553    973    878    941      0     69     45 
   674    238    598    550    723    859    783    386     53    198    927    327    358    145    485    441    733    228     75     16     22    172     92    861    176    227    546    435    996    129    112    458    619    260    111    812    903    238    128    700    225    102    156    829    178    691    908    756     60    738    557    587    229    706    153    645    624     69      0    297 
   265    261    191     41    143    911    753    269    633     12    358    328    702    613    713     71     50     37    694    598    341     87    128     16    468    506    610    785    940    560    332    648    367     21    398    270    688    225    787    926    516    863    158    637    803    456    973    962    188    483    997    892    116    588    479    221    565     45    297      0 
