
     0      7     92     80     65     37      4     12     21      1     34     30     38     14     87     91     74     84     47     81 


 1000000    243    851    477     20    478    174    147    299     58    514    714    267    203     12    439    180    854    230    749 


     0    818    738    325    161    540    767    872    147    954    419    953    801    208    184     99    471    632    190    527 
   818      0    470    169    165    979    992    590    247    150    517    537    729    907    812     49     17    987    592    642 
   738    470      0    889    246     53    452    546    485     12    734    223    990    811    254    515    800    180    967    896 
   325    169    889      0    908    845    867    165    669    497     89    821    470    793    263    858    380    770    350    674 
   161    165    246    908      0    150    519     84    548    355    215    353    209    661    865    999    326    325    520    611 
   540    979     53    845    150      0    306    419    542    419    201    900    835    218      3     44    424    505    255    287 
   767    992    452    867    519    306      0    655    224    974    744    367    634    409    510     72    571    150    641    939 
   872    590    546    165     84    419    655      0    635    163    285    310     13     81    870    498     11    526    998    522 
   147    247    485    669    548    542    224    635      0    421    816    547    242    267    464    294     34    804    755    136 
   954    150     12    497    355    419    974    163    421      0    161    291    312     38    900    598    232    239    525    720 
   419    517    734     89    215    201    744    285    816    161      0    934    836     24    233    634    503    427    642    782 
   953    537    223    821    353    900    367    310    547    291    934      0    536    371     68    919    785    249    619     45 
   801    729    990    470    209    835    634     13    242    312    836    536      0    847     73    949    988    150    376    866 
   208    907    811    793    661    218    409     81    267     38     24    371    847      0    810    995    842    242    475    648 
   184    812    254    263    865      3    510    870    464    900    233     68     73    810      0    136    491    470    270    797 
    99     49    515    858    999     44     72    498    294    598    634    919    949    995    136      0    207    496     62    948 
   471     17    800    380    326    424    571     11     34    232    503    785    988    842    491    207      0    823    981     56 
   632    987    180    770    325    505    150    526    804    239    427    249    150    242    470    496    823      0    577    126 
   190    592    967    350    520    255    641    998    755    525    642    619    376    475    270     62    981    577      0    250 
   527    642    896    674    611    287    939    522    136    720    782     45    866    648    797    948     56    126    250      0 
