
     0     74     75     12     51     96     15      3     22     22      3     67     17      6     16     58     77     70     80      8     72     10     51     27     17     11     45     65     95     84     90     55     27     83     11     68     17     49      4      9     23     38      9      4     41     30      3     97     82     76     10     21     11     10     12     80     58     54     46     12     40     73     41     17     74     84     27     98     43     66      7     15     36     83     83     11     10     27     84     99     56     38     20     12     49     29     33     28     86     68     12     64      6     29     83      9      3     99     38     27 


 1000000   9454    183   4846   5058   2488   9657    720   6494   9085   6418    139   1163   5382    356   5694   6256    230   1926   3928    119   7175   9709   8388   7942   8342   1468   4857   8990   3392   1823   8066   5000   7485   6964    682   4956   8028   3035   6827   1875   4320   8319   7959   5104   7994    325   4007   6698   4712   7109   8835   9693   9742   7046   7665   2977   1443   4974   9555   8442    206   3994   2715    482   6241   4427   8209   2611    548   1633   6760   7897    150   4364   3579   2248   2529    432   1951   9130   4828    137   7860   3067   1510   5296   3484   5848   5568   4492    305   8053   1018   7308   6256   8589   6946   3059    907 


     0   8744   8559     66   4902   8167   6626   3970   9827   4606   2265   2089   4678   9736   1410   3186   7712   9905   8112   4773    650   8511   7250   3728   7747   2988   5590   7574   1820   5815   1837   1962    113   9884    447   1117    617   1489   6449   3398   3857   2530    228   4273   3701    542   1953   8411   2223   3859   1986   1932   7523   6055   7603   7158   4170   9128   1546    893   7327   5719   6932   4120   5752   2592    481   5831   9830   4621   4738   3348    271   7019   5264   6142   7018   2749   6703   4596   6779   8560   8595   2879    417   5966   4579   9523   1821   1686    588   8247   1380     11    152   8786   5496   8860   9359   2424 
  8744      0   2483   5828   2461   3669   3092   5987   2726   6169   2606   7293   7190   4133   2109   6881   2524   8149   8219   1964   9304   4798   8243   1374   3876   1274   4517   4236   9568   3329   7210    745   8321   9289   3640   2591   6443   2465    617   5713   4045   7466   9096   2630   9101   2135   3213   2830   7204   8455   3866   2521   2604    752   2486   4504    344   7326    696   1459   2948   6140    262   3133   4685   1154   7951   8836   8739   6095   9879   4237   1197    552   1938    896   9516    274   9363    479   8307    844   9254   7021   2230   5105   9564   1916   9474     92   2390   2886    524   9404   8292   4817    781   2922   5182   2173 
  8559   2483      0   5565    248   6643   6272   6702   7820   4466   7907   3516   1245   3031   9501   3122   5309   4791   9600   8399   7672   3229   8354   2361   3436   3798   7247   3921   3560   8139   3582   3321   9674   2991   7728     66    563   2648   1056   6393   4606    673   6999   4804   8769   8192   6862   6712   9250   2612   5306   7181   6525   4275   5859   2342   8629    402   4181   4458   5609    917   1114   8487   5593   1384   1543   2313   9241   9437    662   2181   5348   5831   2420   9548   4821    327    668   7453   9170   3367   9475   9882   5226   1157   9301   8832   8815   1104   5311   4848   5271    936   9167   1313   5040   8257   4409   2074 
    66   5828   5565      0   2274   8985   8298    987   7433   4172    402   8076   2402    885   9085   1498   1749   3894     51   4734   3892   4906   1921   7327   7316   7162   4247   5801   1593   5085   2323   7374   7014   1092   8030   3277   3909   7541   4469   8578   4579   6744   9161   7645   1071   8351   3115   3846   1077    618    803   4128    902   9755   9792   5563   2090   9414   5508   6655   6344   5148   5232   5559   7924   8024   6093   9547   6650   7321   5277   8498   6219   2482   5058   5206   3109   1648   9357   7273   3111   5083   8105    152   8422   5904   3512   5661   2969   9356   8366   3674   7851   9948   6445   5299   3282   4004   7040   1436 
  4902   2461    248   2274      0   6794   4813   9660   7603    888   7139   1971   1872   7356   3967   4474    635   1222   6721   8622   9054   6876    593    355   1980   2730    838   8541   8352   5467   9815   6273   2106   7079   7409   4686   3654   1661   5241   9384   3294     66   5427    230   8450    907      3   3500   7797   8952   7315   9931   9547    481   4261   9351   7728   3252   2826   5433    811   4031   1043   6166   6500   6875   6199   5903    611   6826   7028   1819   1818   1571   3338   3841   2676   4651    421   8762   4238   6181   8235   1590   1734   6173   7157    670   1122   6593   2178   5962   3635   7712   1433   7635   7850   5944    686   2939 
  8167   3669   6643   8985   6794      0   3642   4426   8408   4395   1663   8929   7520   4334   6446   7731   7389   8188   3215   1270   7039   9609   5415   5751   4426   7311   1993   2214   5332   7960   3566   6166   4753   7792   3299   3891   4605   2795   1011   2085    811    146    166   2004   2508   4148   4121    316   1811   8074   5758   6147   2568   1979   7318   8199   6554   9569   2413   1453   3849   1243   7046   7304   1810   1045   6072   6039   8509   4453    679   8450   7173   4935    742   6373   9656   7706   4220   6365   8862   2012   1749   8451   2621    372   3868   1831   8925   8878   6071    286   7176   2076   4674   5599   6614   5706   9935   4042 
  6626   3092   6272   8298   4813   3642      0    839   7810   1997   8729   9168    226   6279   6716    970   3114   2192   5327   4152   1962   1612   7694   6280   1211   5649   3212   9501   3965   1662    400   7115   8705   3979   6546   4675   1847   9202   5268   2385   4746   9550    851   9971    315   1282   5120    811   5995   7643   5978   3095   7181   3546   5262   6047   1834    171   2705   6672   1926   3962   4284    584   3059   7720   1130   3010   6213   1497   6190   1827   6358   3776   2072   8725   6794   3566   3849   8658    117   5415   9813   4308   2523   7367   5480   6779   1560   4644   3388   3104   7153   8292   2906   9624   9051   1745   6894   4603 
  3970   5987   6702    987   9660   4426    839      0   4538    522    688   7431    188   3117   5135   8847   5159   5955   1505   9113   1232   8972   2120   5143   3981   2363   7319   5684   8925    435    437    195   7942   3283   1873   1395   7039   5438   9639   6710   6463   2223     49    883   5766    173   6577   2489   2666    122   5165   1894   2612   7008   1980   9992   9308   2206   1617   7858   8913   1377   1749    849   1581   5343   3129   8177   9369   1272   3420   2555   1693   4159    202    689   3531   1702   8421    539   3243   5513   8248   6307    137   9613   3961   6446   4622   2809   6622    749   1261   7156   9012   1172   4799   2496   4331   4602 
  9827   2726   7820   7433   7603   8408   7810   4538      0   2064   4182   1622   6865   5530   4435   4482   3239   4210   4162   2020   9852   2578   7659   1576   7845   7207   3803   9190   3602   1644   1700    759   9692   1079    998   4937   4307   3314   5007   7775    421    363   1569   7581   5873    576   8930   8098     45   3909    936   1446   4326   1960   9861   6149   3287   9207   6288   4284   9292   4927   1413   4324   9609   9304   6447   3261   2133   3983   9219   4860   3275   8724   6688   3960   9011   7797   9604   9201   2205   6251   2337   7330   1055   6579   8737   4840   2832   2431   3478   2419   2852   1854   7798   2252   6074   6712    582   8743 
  4606   6169   4466   4172    888   4395   1997    522   2064      0   9731   6495   7557   2699    388   3586   3563   4448   2751    995   1730   2280   4237   1308   2836   1328   1408    620   9750   7929   9031   2392   3172   5026   2354   7104     14   9656   4248   9904    803   7168   9221   3368   7451    276   6872   7837   2074   5452   9532   6801   8355   7535    247   5600   2137   3354   5489   9404   7836   3103   6790   6587   2867   1793   7373   9263   3302   3519   7178   8086   8046   2576   1459   2724   5184   5678   5727   5277   1798   2709    532   7447   5839   7037   6689   4863   8569   1573   2137   1082   2316   9923   1667   1726   9754   8969   3455   4210 
  2265   2606   7907    402   7139   1663   8729    688   4182   9731      0   7909   1002    266   3524   9104     30    500   7209   4809   2705   6768   2762   4774    210   1197   5228   6622   7498   7908   4049   2922   3484   6162   3869    285    892   6038   8203   5185   5522    414    657    163   1136   6798   3856   3232   3922    209   3377    928   9798    468   9756   7202    204    176   8042    921    272   6135   7326    150   2068   2178   7119   6615   4851   2937   8393   4672   2515   1267   5684   6936    362   9647   7012   1078   1365   4883    610   9756   4501   9651   6011   9443   1499    389   6616   5031   9652    420   2542   4901   8568   2466   7479   5027 
  2089   7293   3516   8076   1971   8929   9168   7431   1622   6495   7909      0   3583   7747   1119   1728   3733   6070   3667   1181   2528   2341   9063   1290    495   5856     54   6981   7301   2261   4959   1551   8390   6260   4510    256   9041   3233   2297   5982    782   6346   1660   7016   3513    971   7191   2952   3983    846    118   3625   6121    760    832   8373    471   4896   2292   2676    559   1362   9249   3281   6197   8180   8116   2285   9245   3863   5639   1897   4766   1874    280   7390   8473   8234   1096   2944   4634   7589   2309   8308   7038   3135   2361   9295   7014   6349   2436   6384   6810   5138   7975   5774   9570   2511   9427   6277 
  4678   7190   1245   2402   1872   7520    226    188   6865   7557   1002   3583      0   8480   2254   8065    846   7601   5841   5714   4270   1398    280   6538   7697   2542   8097   4184   2583   3046   5588   4601   7950   1331   2221   5662   2033   7695   6892   2218   2640    338   5419   3265   6240   9603   5166   4285   9654   7391   6545   4242   9087    937    205   9205   5666   5586   4603   1447   7113   2090   3821   6024   5164   8423   8794   1050   8559   7797   2281   2275   1646   5200   3505     55   6727   2878   5551    997    376   3263   8248   6672   1049   4841   6224   8465   6699   8207    843   3707    338   6753   6963   6014   8688   1546   3850   2208 
  9736   4133   3031    885   7356   4334   6279   3117   5530   2699    266   7747   8480      0   8211   3573   9313   6584    257    802   7640   4749   5601   3208   3176   3039   1996   5370   6719   4948   8213   5503   1675   8438    341    332   4824   7866   6779   4260    958   8707   3203   7747   6677   8344   6548   8887   9420   6643   2864    352   7434   6204   4038   2906   2930   8309   2123   4887   9229   1079    874   1026    548   6924   5831   2913    524   3662   1499   9243   2405   1919   3083   9563   6997   4266   9675   5010    849   4859   5251   8083   3997   3338    991   8923   7589   2846   9132   6783   1788   7135    944    315    884    939   3801   3464 
  1410   2109   9501   9085   3967   6446   6716   5135   4435    388   3524   1119   2254   8211      0   7885   6429    106   3741   4722   5450   6866   8857   4337   7615   9775   2319   2506     87   8434   9251   4410   5137   1491   2852   9513   4673   4487   8746   9138   3557   8111   6289   1378   3947   7348   2215   6660   4337   7057   1666   4747   5549     16   2982   1424   6093   6808   9669    109    401   4822   4599   7257   8951   1114   6460   1718   8264   4884   7791   4760   3617   5376   9901   5848   1397   3727   8726   7033   8384   1814   4340   6137   4910    460    313   2491   8541   6814   6717     35   1392   9286   1432   2626   2198   8749    620   6803 
  3186   6881   3122   1498   4474   7731    970   8847   4482   3586   9104   1728   8065   3573   7885      0   7306   6716   9190   3638    652   9050    583   3228   7951   9890   5278   3460   7940   7156    488   5972    982   1982   3019   6042   8328    842   1598   3780   4028    858   8077   6573   7893   3826   1916   8026   7471   4999   6473   2260   3596   3221   2406   2040   1954   6949    711   6364   6900   1936   6249   8148   2126   9134   8755   1013   7188   1555   1553   5191   4029   2731   1119   9425   9116   9092    499   5457   5343   9979   6957   3082   9755   8058   5779   1458   3735   5713   4888   3211   7528   5556   9629   4448   8684   5093   4506   6147 
  7712   2524   5309   1749    635   7389   3114   5159   3239   3563     30   3733    846   9313   6429   7306      0   9691   9394   1230    470   6331   7792    933   4711   4547   7832   5001   2593   5026   3298   8989   7295   8192   7040   6821    243   2836   1149   3161   1895    455   5191   6044   1777    218   2730   9976    622   3236   2573   2684   6471   5086   1393   6152   3000   8465   9416   3160   9745   4304   9059   1934   3133   1874   4192   6293   7810   2483   3458    212   4585   8075   6865   8319   2160   8271   9077   8660    652   8054    926   5380   2403   5358    279   3663    825   7984    987   7349   5115   4641   2758   3419   9258   3835   1312   6826 
  9905   8149   4791   3894   1222   8188   2192   5955   4210   4448    500   6070   7601   6584    106   6716   9691      0    393    651   8695    670   7720   6683   4379   3918   9971   2530   6398   7847   5654   9979   9293   7885   7058   2499   5353   2452   3461   7511   5769   7355   2021   7789   9588   7626   1375   9938   1818   8461    414   8995   5380   4034   5406   2640   7612   4944   4706   7437   5582   3080   2083   4906   5824   8944   2652      6   2751   5916   7683   2591   4763   3136   1672    877   4436   1459   8387   8879   1366   1414   1578   8389   1729   9750   4321   2368   1453   3677    983   9415   9981    928   9597   7099   1985   7476    984   3357 
  8112   8219   9600     51   6721   3215   5327   1505   4162   2751   7209   3667   5841    257   3741   9190   9394    393      0      1   5089   9002   8830   7816   6524   2092   8551   9119   8383   6240   4954   1690   7772   1013   8920    119   8290   4347   7892   9636   1503   4072   5800   4337   6214   2122    886   2551   1506   6208   7250   7096    955   1667   7437   7016   6760   1961   1908   4075    118   4076   2523   3376   1496    967   2660   2621   9455   4098   9604   9211   5515    526   5912   8628   3091   9556    659   5611   6465    362   8363   2651   8290   4198   6916   6068   4956   2311   5725    514   7711   2544   4314   9247   5025    503   9825   2699 
  4773   1964   8399   4734   8622   1270   4152   9113   2020    995   4809   1181   5714    802   4722   3638   1230    651      1      0   8533   3695   5192   2234   9148   5857   1055   4221   8430    529   4714   4260   7962   6143   1522   3283   2892   1083   6908   6451   2399   2061   2297   8268   9395   6564   3119   8208   1600   2111    919   6282   9067   4761   7945   6839   6008   2393   6213   9413   2897   3482    339    442   3477   7526   1837   1463   4356   2777   7115   2957   7785   9716   2063   1327   2730   4256   4562   2474   2940   7861    126   6225   8394   7658   1213   7244   7111   4814   2818   4962   8177   1750   4262   6646   7897   4681   2566   7663 
   650   9304   7672   3892   9054   7039   1962   1232   9852   1730   2705   2528   4270   7640   5450    652    470   8695   5089   8533      0    528   9546   7306    923   1684   1668    217   1685   6298   8011   9867   4805   7102   7714   8078   9544    409   5944   9486   2672   5346   1223   7054   3022   4216   1247   2204   8670   7983   4590   4483    979   7512   2084   8386   8996   2070   9429   3934   2725   6942   6191    322   1273   7854   1214   4624   5720   8961   5756   1778   8428   1009   6541   1554   5441    286   5547   1019     93   6206   7663   2046    204   7974   2592   8554   1904   1559   6863   8533   9224   2524   8658   8352   8495   2531   1328   1594 
  8511   4798   3229   4906   6876   9609   1612   8972   2578   2280   6768   2341   1398   4749   6866   9050   6331    670   9002   3695    528      0   5624   4457    894   1011   3127   7339   6345   2628   3762   5610    803    396    568   8607   1122   6158   6593     63   7541   1609   6615   5712   5721   4088   1189   4701   4013   8139   6398   9717   5074   1733   9824   3866   9430   9096   5929   1145   3024   1341    921   8741   3599   5624   5833   9705   7311   9707     26   8494   6605   4185   1714   3657    109   9886   2788   6152   5128    541   8223   8797   2890   5306   8584   4108    939   7384   9306   2178   2397   5206   9550    951   2023   6517   1095   7589 
  7250   8243   8354   1921    593   5415   7694   2120   7659   4237   2762   9063    280   5601   8857    583   7792   7720   8830   5192   9546   5624      0   9232   2029   5616   3464   6495   5745   6328    233   9249   8895    654   2277   8074   5404    520   2099   4801   6255    793   8662   3734   6221    739   7599   9863   5413   1978   5607   8434   6797   8714   6059   9468   1676   9866   8968   9890   1353    130   4920   4718   1603   7273   3342    429   2018   4851   2126   5951   7742   6106   4801   4864   2622   4859   6439   8709    676   7460   8797   8394   4711   3291    786   5722   9184   8976   2788   2671   8905    567   1839   8747   3874    367   6793   4039 
  3728   1374   2361   7327    355   5751   6280   5143   1576   1308   4774   1290   6538   3208   4337   3228    933   6683   7816   2234   7306   4457   9232      0   5894   1624    487   2139   9374     36   5284    111   5363   3003   5139   1808    617   6644   7634   8965   2410   5505   2082   3587   8769   3307   5428   3294   9129   3935   4214   3154   1860   7352   9406   3953   1983   4557   8966   3215   2742   7789   6664   3995   4356   8122   7547   9920   6846   5410   3022   1484   3808   3812    436   1007   1096   8450   9489    646   2817   9842   6517   4873   5394   4267   8982   2259   9767   2380   1218   5217   3120   4271   6516   8078   9577    944   2150   1693 
  7747   3876   3436   7316   1980   4426   1211   3981   7845   2836    210    495   7697   3176   7615   7951   4711   4379   6524   9148    923    894   2029   5894      0   7418   1031   6888    486   3952   8285   8208   1045   1579   5853   4755   7889   9129   2905   4018   8729    754   9616   6040   8709   1557   2669   8307   1002    531   1314    673   7118   6602   8277   4845   2590   9605   7707   9417   2013    722   1235   2398   6351   9315   2197   5873   1381     57   3819   4936   1898   3437   1599   3198   8398   5265   3542   8706   8546   5911   4909   8759   1844   1071   4706   3399   1501   2663   4868   4585   9143   2062   1054   5716   5763   5385   8321    212 
  2988   1274   3798   7162   2730   7311   5649   2363   7207   1328   1197   5856   2542   3039   9775   9890   4547   3918   2092   5857   1684   1011   5616   1624   7418      0   7291    425   6592   7661   3908    924   9809   8557   1320   4403   3665   8295   3713   7716    744   1421   5560   6993    894   5757   6896   3992   7804   7391   2622   1516   2215   1677   2170   7315   4761   8931   2219   7889   8545   4154   4943   9909    765   8479     41   5315   5013   2057   4719   5314   4203    331   6466   5670   5281   4502   2368   4048   7034   1091    232   5460   1428   5039   9116   1851   8981   8679   7037   2938   2005   7622   2002   5234   8987   3116   4794   4409 
  5590   4517   7247   4247    838   1993   3212   7319   3803   1408   5228     54   8097   1996   2319   5278   7832   9971   8551   1055   1668   3127   3464    487   1031   7291      0   2875    689    435     57   2063   5418   2570   6775   5156   6859   6629   1431   7239   9966   1262   5870   9792   4130   2497   2183   9838   8200   1352   1658   8148   2073   8278   2025   9316   6412   5618    925    314   3990   1014   9745    795    402   7847     45   2813   7460    742   1189     25   2088   5431   4786    640   2992    561    721   8651   3421   3510   7435   1463   9997   8243   9092    127    566   5755   5240   6474   9169   8336   1394   3799   4490   7779   3582   6631 
  7574   4236   3921   5801   8541   2214   9501   5684   9190    620   6622   6981   4184   5370   2506   3460   5001   2530   9119   4221    217   7339   6495   2139   6888    425   2875      0   5576   9197   8658   6698   3784   2269   7080   6158   1998   2211   9088   3669   5134   3357   7555   1445    216   9793   1690   2884   3266   2715   5024   3811    842   5561   4004   4171   8987   3812   2788   8295    655    528   7318   2722   5175   7270   8761   6305   7239   5936   8123   2834   4084   2246   6604   6438   7266    408   7059   7051   4297   9980   8014   5326   2728   3736   7488   1936   5149   1667   1430   7271   1251   1160   2634    488   4636   1899   7595   4354 
  1820   9568   3560   1593   8352   5332   3965   8925   3602   9750   7498   7301   2583   6719     87   7940   2593   6398   8383   8430   1685   6345   5745   9374    486   6592    689   5576      0   1136   8112   7884   2716   7575   1961   9228   5330   2020    991   1654   6253   3395   2532   5851   4562   7027   4567   3740   8509   8023   3031   6107   9102   6089   5405   3748   4852   1568   1892   5256   9655   1828   7467   2106   5115   1166   9629   1213   7554   5525   6496   2845   5505   2391   1323   1933   8376   2277   9340   9409   7771   9217   1098    717   9877   8540   9927     93   9294   9162   4489    710   6570   3785   7849   9277   8757   4210   4508   2870 
  5815   3329   8139   5085   5467   7960   1662    435   1644   7929   7908   2261   3046   4948   8434   7156   5026   7847   6240    529   6298   2628   6328     36   3952   7661    435   9197   1136      0   3085   6239   2529   5519   5056   3070   4347   3566   4166   4419   1696   9288    529   3060   7794    291   6227   2145   6509   6478   2527   8867   7361   5759   8307   7191    993   8797    996   4315   8428   1183    748   7255   9819   8244   9313   3775   5562   2580   8182   9576   5931   2919   4519    440   9320   9925   3632   9555   2056   2462   7422   3155    758   3337   3080   8567   8220   4818   7184    112   9190   9360   4374   3543   8677   8805   6844   3875 
  1837   7210   3582   2323   9815   3566    400    437   1700   9031   4049   4959   5588   8213   9251    488   3298   5654   4954   4714   8011   3762    233   5284   8285   3908     57   8658   8112   3085      0   4898   1945   1680   2969   5925   6296   4405    500   2308   7547   2580    824   5824   9588   3779   8289   2590    910    723   7377   5971    708   4063   6793    562     49   3875   5783     73   1432   5913   3761   9321   1924   1994   2769   6213   1858   9012   6177    430   9453   6872   8952   4957   7546   5558   6022   5042   4309   8844   7724   1339    748   8075   9503    584   7658   2475    991   4557   7878   7249   4850   9000   8381   1470   6246   8148 
  1962    745   3321   7374   6273   6166   7115    195    759   2392   2922   1551   4601   5503   4410   5972   8989   9979   1690   4260   9867   5610   9249    111   8208    924   2063   6698   7884   6239   4898      0   9565   6859   8662   6094   6467   6387    509   1719    775   9184   4665   7338   2198     57   2817   1007   6736   9819   2714   8799   7731   1175   6357    570   2503   7435   4046   5606   2779   9604   3616    971   1984   6163    172    443    549   8781   3308   5190   8467   8009   8019   3597    537   1364   4343   9542   1385   6824   1921   5184   5876   7054   3716   1672   5492   1056   7580   2317   9416   9826   6969   4575   7509   9298   1179   3358 
   113   8321   9674   7014   2106   4753   8705   7942   9692   3172   3484   8390   7950   1675   5137    982   7295   9293   7772   7962   4805    803   8895   5363   1045   9809   5418   3784   2716   2529   1945   9565      0    955   5023   5967    641   2421   6775   9211   3285   1958   4773    327   8327   9392   9081    877   6756    533   7736   2306   6543   9635   1318   7172   1043   2651   2722   5798   5675   9907   5570   4250   6223    845   2160   2814    161    263   2692   1322    760    853   5602   3433   2171   1899   7974   4357   2032   2975   1390   6008   3447   8014   3895   8336   2433   9676   3883   1473   8870   7698   3979   9138   6390   2372   2248     49 
  9884   9289   2991   1092   7079   7792   3979   3283   1079   5026   6162   6260   1331   8438   1491   1982   8192   7885   1013   6143   7102    396    654   3003   1579   8557   2570   2269   7575   5519   1680   6859    955      0   3726   4992   9895   6760   2959   7214   2485   2036   1002   4804   7351   5394   2735   2840   2263   6109   1303   7387   4155   2069   8639   8820   9446   5538   3879   3082   7683   2154   5483   4358   8960   4047   3664   1592   6681   6188     18   9401   4597   3616   1564   4913   2453   6348   7624   9833   2379   8537   8616    964   6088   1470    549   5705   4394   6945      7   5779   6772   3402   3861    157   8207    288    191   9800 
   447   3640   7728   8030   7409   3299   6546   1873    998   2354   3869   4510   2221    341   2852   3019   7040   7058   8920   1522   7714    568   2277   5139   5853   1320   6775   7080   1961   5056   2969   8662   5023   3726      0   1040   1294    808   5838   4427    294   1256   1020    983   2298   5890   3723   2611   3862   4546   3935   6152   6817   7787   8788   1487   6516   2750   3654   3798   1244    621   8719   4749   7197   5874    262   7894   2024   2939   5013   5006   4366   9832   8364   2038   2116   3766   2644   8837   2826   7837    710    498    486   1480   4893   1262   2486   8884   9321   5471   5062   3596   7366   1123   2302   1170   2843   9091 
  1117   2591     66   3277   4686   3891   4675   1395   4937   7104    285    256   5662    332   9513   6042   6821   2499    119   3283   8078   8607   8074   1808   4755   4403   5156   6158   9228   3070   5925   6094   5967   4992   1040      0   7647   3825   6551   8214   2767   4930   4168   9945   5699   3452    334    252    813   2353   9376   3903    342   1493   8141   8637    493   8609   1845   9897   5264   2119   7944   8712   3306   3351   9391   3406   4622   5779   4602   5403   4306   3775   9338    424   3967   1420   2288   4893   2312   2613   7237   1910   5273   6426   8250    774    818   4476   6738   3179    515   1497   3439   1140   8090   3113   8203   6543 
   617   6443    563   3909   3654   4605   1847   7039   4307     14    892   9041   2033   4824   4673   8328    243   5353   8290   2892   9544   1122   5404    617   7889   3665   6859   1998   5330   4347   6296   6467    641   9895   1294   7647      0   4266   3689   7224   5078    735   4247   3993   3355   1631    110   3441   3042   7522   7186   6349    383   5190   3615   3310   8145   5612   1390   1497     46   8807   4073   6898   3647   8101    736   6789   1134    622   2875   6999   5214   2908   3809   3005   3851   6124    697    491   6594   5749    833   2448   8722   3798   7436   8703   7301   2740   4911     64   4921   5315   5390   6969   2018   3268   4387   9111 
  1489   2465   2648   7541   1661   2795   9202   5438   3314   9656   6038   3233   7695   7866   4487    842   2836   2452   4347   1083    409   6158    520   6644   9129   8295   6629   2211   2020   3566   4405   6387   2421   6760    808   3825   4266      0   9508   1520   5696   2113   2635   4628   5047   4926   1183   6974   5862   5733   2454   6470   2359   7718   9416   3056   2696   5415   2570   3633   7415   8369   1924     79   2497   2363   4276   5390   7356   8343   5384   5816   7714   6348   4710   1565   8431   1988   8783   3659   9789   9831    836   3807   6767   3559   2952   5949   8476   7260   4360    972   1934   3251   6567   8629   3946   7394   5598   5372 
  6449    617   1056   4469   5241   1011   5268   9639   5007   4248   8203   2297   6892   6779   8746   1598   1149   3461   7892   6908   5944   6593   2099   7634   2905   3713   1431   9088    991   4166    500    509   6775   2959   5838   6551   3689   9508      0   9745   9647    482    624   8759   6322   2118   1264   9554   3943   2547   2222   2630    745    806   9288    336   6123   3979   9252   2592    888    856   5468   3851   6301   2363   1978   4257   9205   3398   2598   7851   1862   9610   6845   4632   1482   6083   6980    824   4224   6996   2493   3273   4803   6436   3545   5537   2474   8536   5230   1596   1314   1857   1850   6440   5561   5911   3241   2221 
  3398   5713   6393   8578   9384   2085   2385   6710   7775   9904   5185   5982   2218   4260   9138   3780   3161   7511   9636   6451   9486     63   4801   8965   4018   7716   7239   3669   1654   4419   2308   1719   9211   7214   4427   8214   7224   1520   9745      0   7772   1174     19   4786    275   5577   3642   2637   4108   1142   1074    841   2709   4650   2561   7645   8397   2341    152   4427   1661   7895   2707   3544    850   3867   2878   9787   1054   1811   5480   9832   8672   2966   6300   8781    464   5351   6732   4349   9312   5142    545   2252   4031   6651   3233   4876   3519   4753     96   4182   1946   4720   5994   7995   4640    542   5327   7405 
  3857   4045   4606   4579   3294    811   4746   6463    421    803   5522    782   2640    958   3557   4028   1895   5769   1503   2399   2672   7541   6255   2410   8729    744   9966   5134   6253   1696   7547    775   3285   2485    294   2767   5078   5696   9647   7772      0    948   6056   8319   6120    311   3356   9208   8725    612     58   4558   1778    574   3707   2570   1131   3735   6609   2950   2828   2225   4912    695   7098   5274   1372   8731    479   1732   7779   6773   2389   3699   4333   2407   6086   3930   3010   6688    323   1959    524   4886   6738   8670   8542   1732   3132   2115   2291   4567   6406   2172   7371   7749    591   5574   9906   4512 
  2530   7466    673   6744     66    146   9550   2223    363   7168    414   6346    338   8707   8111    858    455   7355   4072   2061   5346   1609    793   5505    754   1421   1262   3357   3395   9288   2580   9184   1958   2036   1256   4930    735   2113    482   1174    948      0   5258    166    322   7738   2957   1443   2026   9416   3466    833   5904   1323   9933   1121     36   8204   8710   9976   4662   1720   1800   5917   1162   5805   3714   9382   7225    628   4428   5988   3770   6254    869   9118    689   6147   5211   2764   3144   9273   6268   3461   1020    338   6267   2234   4971   4329   9750   3700   2091   9166   7494   5563   4844   1567   4359   4408 
   228   9096   6999   9161   5427    166    851     49   1569   9221    657   1660   5419   3203   6289   8077   5191   2021   5800   2297   1223   6615   8662   2082   9616   5560   5870   7555   2532    529    824   4665   4773   1002   1020   4168   4247   2635    624     19   6056   5258      0   5650   4409   3498   8878   8877   2368   1816   3364   4714   1803   4840   8230   9694   5699   5699   8780   3424   8365    391   5882   5239   8565   2345   7418   5237   2573   6768   8999   1892   1622   6686   6171   7134   6047   3345    283   5298    588   4106   7744   1540   1912    956   2089   2308    669   7240   4896   4259   7443   4024   9098   6610   4471    489   3234   7981 
  4273   2630   4804   7645    230   2004   9971    883   7581   3368    163   7016   3265   7747   1378   6573   6044   7789   4337   8268   7054   5712   3734   3587   6040   6993   9792   1445   5851   3060   5824   7338    327   4804    983   9945   3993   4628   8759   4786   8319    166   5650      0   5086    220   5080   6087   5690    544   6421   1174   9899   6329   8226     33   8602   2485   9931   3624   8322   3951    573   4083   9952   5107   9975   2446   8716   8469   8128   7316   7704   5212   4389   3050     24   4644   4645   4303     50   1747   9744   3346   9432   2698   9949   9778    659    431   3195   8428   5826    409   1899   2274   7571   2252   5019   7448 
  3701   9101   8769   1071   8450   2508    315   5766   5873   7451   1136   3513   6240   6677   3947   7893   1777   9588   6214   9395   3022   5721   6221   8769   8709    894   4130    216   4562   7794   9588   2198   8327   7351   2298   5699   3355   5047   6322    275   6120    322   4409   5086      0   9041    151   8437   9748   1103   5211   6953   3717   5348    878   7752   4179   2007   5919   6323   5304   6588   7819   6371   5390   4799   8465    873   5035   2784   9265   5193   3833   1343    363   3859   7577   4378   3382   4706   3226   6837   6222   1527   9333   3657   7650   5368   4747   7120   3582   6405   6482   6879   2181   3164    188   4549   2003   1902 
   542   2135   8192   8351    907   4148   1282    173    576    276   6798    971   9603   8344   7348   3826    218   7626   2122   6564   4216   4088    739   3307   1557   5757   2497   9793   7027    291   3779     57   9392   5394   5890   3452   1631   4926   2118   5577    311   7738   3498    220   9041      0    298   6035   1808   1568   9872    108   5400   8694   6154    862   4825   5293   2302   8098   2717   5384   7026   2192   1578   8749   9200   1974   7830   5840   6855   1530   8625   2448   6117   7230   1804   3585   1619   1524   1678   1353   8432   8193   6522   9022   2577   3734   3498   3312   7385   6333    671    323   4468   8369   1629     63    425   4176 
  1953   3213   6862   3115      3   4121   5120   6577   8930   6872   3856   7191   5166   6548   2215   1916   2730   1375    886   3119   1247   1189   7599   5428   2669   6896   2183   1690   4567   6227   8289   2817   9081   2735   3723    334    110   1183   1264   3642   3356   2957   8878   5080    151    298      0   2193   3307   2479   8101   7876     23    352   1185   1830   4985   2477   9834    403   1323     16   6487   9930   9938   9560   3946   9071   8321   1346   4014   2030   3743   5412   4243   1890    694   3774   7895   4469    318   2723   2631    249   3673   4229   3015   9239   1840   6896   1726   7399    237   9289   4133   5024   9370   4823   1553    801 
  8411   2830   6712   3846   3500    316    811   2489   8098   7837   3232   2952   4285   8887   6660   8026   9976   9938   2551   8208   2204   4701   9863   3294   8307   3992   9838   2884   3740   2145   2590   1007    877   2840   2611    252   3441   6974   9554   2637   9208   1443   8877   6087   8437   6035   2193      0   3562   3985   4638   7472   5878   6921   3742   8802   8474   3224     19   3963   3985   4730   1961   9479   5934   6012   3111   1000   1645   9445   2599   1665    537   5074   4068   5476   3614    469   1251   5832   9793   4798   2725   4718   2559   1067    972   6693   8756   5214   1227   5946   4252   8957   1410   3349   4718    894    122     49 
  2223   7204   9250   1077   7797   1811   5995   2666     45   2074   3922   3983   9654   9420   4337   7471    622   1818   1506   1600   8670   4013   5413   9129   1002   7804   8200   3266   8509   6509    910   6736   6756   2263   3862    813   3042   5862   3943   4108   8725   2026   2368   5690   9748   1808   3307   3562      0   3031   5235   9726     91   6646   8659   7483    925   6262   8074    681    892   5920   7442   6586   1920   2450   4307   4674   5010   2266    344   8760   7196   1127   9170   8171   3068   8226   8226   2024   8057   7464    994   6091   1915   9435   2724   6595   2517   6506    830   6587   6133   8366   2501     22   1501   4278   2568   1003 
  3859   8455   2612    618   8952   8074   7643    122   3909   5452    209    846   7391   6643   7057   4999   3236   8461   6208   2111   7983   8139   1978   3935    531   7391   1352   2715   8023   6478    723   9819    533   6109   4546   2353   7522   5733   2547   1142    612   9416   1816    544   1103   1568   2479   3985   3031      0   2787     21   1678   9809    455   2986   9683   4076   9428   2800   2593   1208   8202   3703   2923   8245   1498   8994   2414   7412    130   6370   9706   5888   5754   7235   4717   6160    159   5141   7858   7981   9710   3950    905   3663   5508   5502    888   5596   8341   5074   2737    467   9626   1644   1604   1221   5552   4626 
  1986   3866   5306    803   7315   5758   5978   5165    936   9532   3377    118   6545   2864   1666   6473   2573    414   7250    919   4590   6398   5607   4214   1314   2622   1658   5024   3031   2527   7377   2714   7736   1303   3935   9376   7186   2454   2222   1074     58   3466   3364   6421   5211   9872   8101   4638   5235   2787      0   7032   1429   7917   3479   6213    145    148   9079   6836   8081   5020   2198   1033   6576   5052   5195   7712   2329   5339   5481   3719   6611   3606   9822   6028   7008   5746   1247   9864   3618   4212   2083   5578   3934    462   8287    711   5558   3755   5202   7457   5425   7485   8210   7958   4093   8741   9654   7644 
  1932   2521   7181   4128   9931   6147   3095   1894   1446   6801    928   3625   4242    352   4747   2260   2684   8995   7096   6282   4483   9717   8434   3154    673   1516   8148   3811   6107   8867   5971   8799   2306   7387   6152   3903   6349   6470   2630    841   4558    833   4714   1174   6953    108   7876   7472   9726     21   7032      0   4376   7204   9796   6890   1179   1377   3806    602    136   8714   5304   6604   9749   1663   6333   1213   4008   2156   1315   8569   5734   1671    588   7645   4391    458   8767   7809   3548    289   1365   1476   6627   1558   2616   7961   2457   2924   3000    449   4642   6650   9440   4042   3029   5514   4328   4024 
  7523   2604   6525    902   9547   2568   7181   2612   4326   8355   9798   6121   9087   7434   5549   3596   6471   5380    955   9067    979   5074   6797   1860   7118   2215   2073    842   9102   7361    708   7731   6543   4155   6817    342    383   2359    745   2709   1778   5904   1803   9899   3717   5400     23   5878     91   1678   1429   4376      0   1755    593   8684   8466   1689   4112   2205   5390   1131   2810   9526   3072   7060   4328   4658   6912   4163   5899   2011   2266   6552   4640   2598   4795   6343   1946   2109   4937   9819    187   6701   6563   9998   4867   2112   7930   6312   3645   7933   2846   1127   7687   1743   9549   4157   6145   9236 
  6055    752   4275   9755    481   1979   3546   7008   1960   7535    468    760    937   6204     16   3221   5086   4034   1667   4761   7512   1733   8714   7352   6602   1677   8278   5561   6089   5759   4063   1175   9635   2069   7787   1493   5190   7718    806   4650    574   1323   4840   6329   5348   8694    352   6921   6646   9809   7917   7204   1755      0    280   1392    921   3351   5687   5901   5269   4239   4255   4846   2961   2904   5362   5582    762    530   2775    890   5579   6153   9497   2667   7959   3173   4629   5344   1431   7811    815   4545   5077   5090   5909   2673   7129   7602   2951   8659   1443   8778   1910    784   2328   5945   4700   5959 
  7603   2486   5859   9792   4261   7318   5262   1980   9861    247   9756    832    205   4038   2982   2406   1393   5406   7437   7945   2084   9824   6059   9406   8277   2170   2025   4004   5405   8307   6793   6357   1318   8639   8788   8141   3615   9416   9288   2561   3707   9933   8230   8226    878   6154   1185   3742   8659    455   3479   9796    593    280      0   4673    416   9066   2071   9297   5422   9016   5689   7094   9771   9514   8545   4659   9112   2062   7030   3884   3126   2286   8927   9923   5798   6563   2080   2145   6289   2231   7509   5879    953    111   1230   4470   1872    471    508   4093    134   5646    491   1746    488    437   9280   9491 
