
     0     23     25     25     34     55     75     25     19     98     59     54     41     21     20     41      5     72     27     40     26     58     80     55      3     28     82     44     16      1     92     68     60     68     63     49     10      3     23     12     64     40     85     48     72      3     52      2     89     76      8      7     64     94     15     87     72     75     24      8     71     59     62     62     83     45     70     22      5     58      4     85     45     99     79     80     30     93     36     72     95     98     74     51     39     93      7     68     71     25     18     13     70     42     28     47     90     21     73     33 


 1000000    922    788    934    428     22    340    506    778    123    644    316     41    434     60     69    892    351    167    481    180    349    309    640    139    935    215    566    730    338    528    802    731     41    622    545    260    650    507    616    527     40    855    149    771    479    735    850     69    157    964    728    578    768    231    855    584    390     60     50    494    571    444    230    457    252    866     91    190    568    284    689    609    400    782    484    819    973    456    198     60    585    151    190    638    420     35    564    130    263    313    151    663    517    559    833    268    539    686    223 


     0   9607    688   6865   8175   6324   7482   5923   9229   4664   5216   2640   5860   8039   8960   6177   1505    207   2376   7205   2361   3990   5952   9314   4368   7809   4617   2299   6218   8438   4375   7312   3969    261   4348   5580   2407   4962   9414   1275   7037   8565   7051   7946   4788   1429   9106   2483   8659   2578   4884   4936   3048   8450   5187   4160   5443   5118   8619    544   8880    846   8264   1787   5956   4642    502   7437   7723   5986   2383   5380   2080   6472   1617     32   2685   6219   1167   4605   4869   3663   7403   5677   8319   5404   7808    315   1332   1964   3205   4846   6571   2297   5552    186   2324    566    759   3277 
  9607      0   1074   1436   8030   6743   5374    791    236   5899   5129   1330   9632   2262    144   5040      3   1629   6949   9692    190   2220   8380   2596   9007   7180   2004   5361   4615   4548   6488   7833   3654   9427   4758   1720   3002   1276   5822   5916   5620   5267   7502   5744   6764   9815   2380   4732   7991    480    916   1755   4790   7258   2515   6012   1890   3315   6627    972   1605   1553   2521   9923   7420    472   1501   4543     27   9530   1913   9918   8480   4415   2853   9583   5371    727   1824   7211   9756   9245   6466   2095   4607   9150   7552   7661   6341     42   6160   7364   4291   2523   2383   5069   4447    323   5536   3207 
   688   1074      0   5145   9466   4487     85   5384   7880   4038    262   7109   4175   3846   8932   8924   3197   8584   4049   3185   7328   2429   3903   9312   9642   2291   3904   2680   6183   4850   7949   6825   8381   2599   6617   9405   3683    576   5689   8132   6757   7112   5260   1411   8439   6164     33   6046   8631    990   2090    148    327   5664   1387   4683    955    980     23   5629   8672   6586   4157   3570   5069   1626   6510   2702   2190   8492   9682   2685   2095   6869   3195   1020   4742   4387   2633   1371     99   8907   2449   2897   6860   6434    439    495   6612   1386   2451   9769   5228   2142   2339   7856   1836   4128   4685   8244 
  6865   1436   5145      0   9635   2738   7000   1930   9805   5139   5514   9225    644   6475   5300   1002   8715    761   5261   2143    278   3499   2301   4483   9197   9710   9051   5044   4035   2888   3753   2557   1154   9283   1309   7016   8073   1867   1795   5683   2984   9723   8193   2625   9419   5508   8587   4579   8309   7550    728   4678   8574   9043   8500   1312    624   2584    519   7478   5150   6382   9941   7473   2054    537   3848   3313   1433   5087   9131   3457   6824   1621   1112   3900   3440   2453   3956   4830   2041   7939   9113   2303   7148   6529   4243   2572   6595   6448   7615    872   1573   1465   3361   2098   3521     75   8133   1975 
  8175   8030   9466   9635      0   6586   9494   1592   1690   2004   1640   4215    738   2494   7864   3160   2484   8560   2096   6279   8433   6039   5614   8420   6786   2766    941   6699   2337   9871   3169   1220     90   3866   1585   5596   6691   9509   9000   8210    985   7460   6558   7510   6908   6539    179   3327   4124    305   9997    924   5956   5463   5538   7438   9399   4122   7209   6963   2297   2324   6109   4406   9264   2426    258   2196   6156   6353   5405   1698   8867   1457   1885   6605   2257   4639   2959   9106   1566    742   6513    111   4913   1973    661   8617   2789   6670   5130    431   8953   8622   7254   5790   2669   1256   1720   7799 
  6324   6743   4487   2738   6586      0   5146   7911   1164   6750   5330   4979   1870   2709   8873   6035   2115   1591   6323   8820   6325    968   4815    601    463   1261   9027   1907   6089   4728   2120   2018   4229   1926   1976   4509   1401   6796   8982   2382   2782   7280   1757   2802   9497   9860   7693   7375   1449   5560   8530   2821     82   7919   4022   2714   2312   1122   4345   7889    206    308   3854   7019   4240   1349   1321   1825    702   1948   3527   7071    187   3646   1997   3492   4790   2163   5732   4410   1575   3307    787   6513   9933   6524   1439   9857    391   5936   1904   8159   6336   4924   2292   4463   2383   1811   4536   8331 
  7482   5374     85   7000   9494   5146      0   6991   8845    725   4994   2891   5426   8521   3876    972   6555   2246   8605   2071   5274   2623   4688   6769   5176   9280   8213   9541   7119   7327   5590   4841    233   1649   2598   3340   7513   4078   1251   7444   5912   3064   1038   5525   1410   1801   9032      5   1106   5340    527   1023   9419   7725   5928    213   2329   7540   8607   9722    839   4862   3005   4815   2417   8381   7081   7982   1869   7634   7762   6900   4405   3577   1964   3379   9608   3701    601   5351   1186   3661   5385   5480   4616   9477   9844   8624   4808   7824   2039   3246   1408   3989   2557   4091   8798   3329    976   5692 
  5923    791   5384   1930   1592   7911   6991      0   4744   7053   7136   7240   1180   1375   7475   5787   1707   3014   1246   4747   7761   1937   1330   6537   1720    960   1530   7403   6733   1214   1380   7545   3427   8349   7421   2005   3991   2340   9218   4815   5218   8341   1364   6312   5926   3347   6380   8278   1379   8227   3583   1897   1865   7136   5619   5948   3571   9413   2643   9614    593   3173   6910   5170   2406   5742   3494   9397   8211   1806   4152    511   7124   7204   3463   9004   8393   9692    430    428   1512   1988   7862   3704    129   7843   5684   5047   6689   6236   5862    897   6170   1405   6318   1026   5842   6430   6000    306 
  9229    236   7880   9805   1690   1164   8845   4744      0   4508   4199   5529   5827   2436   1810    241   7868   3935   6690   3250   8004   4210   3874   1513   9650   4784    417   3596   8595   4042   5293   9355   4556   7154   2463   9164    673   4912   2071   5650   3046   1529   2536    510   6165   5116   8949   2297   5264   6270   8397   5872   8056   5257   3156   1296   6877    896   4531   6067   5400   3350   4609   7852    934   1760   3442   5183   6487   5543   9552   2485   7431   7986   5912   5358   4811   3874   5111   5719   9519    880   9414   1199   3822   2421   8802   9460   2338    824   5935   7219   7694   8781   1903   4335   1880   1035   1983   8752 
  4664   5899   4038   5139   2004   6750    725   7053   4508      0   4268   7342   1617   3728   6478   8191   1200   2050   4638   1104   9248    389   7698   2684   3188   2311   5359   2686   1173   2044   3417    832   2624   5809   7292   5415   1824   5580   9675   7165   1804   8887   3863   1903   1779   1468    243   2056   5814   8898   6406    109   8934   4440   8369   2826    943   6930   6147   6716    324   6113   4538   1712   4203    776   3900   1388    410   1084   6404   2397   8867   2011   1314   7265   9405    512   1981   6789   3252   4389   8763     16   6979   9802   8836   9121   7216    181   3714   9927   3239   9755   6092   2624    826    158   6804   7445 
  5216   5129    262   5514   1640   5330   4994   7136   4199   4268      0   8936   5207   7358   6275   6283   9188   9475   7915   6328   6693   1990   7966    322   7188   9941   9795   7582   6659   5138   3915   7086   9067   6243   4184   6599   2081   7208   2792    420   2171   5949   4616     63   9492   9328   9479   6637   8891   6323    327   1306   2403   3764   3995   1606   5062   6059   8701   4640   1755   7589   3455   1713   3530   9808   5029   8474   7692   1287   7041   4225   2440   3630   7614   1689   2043    609   2753   1360   4232    489   7420     29   5521   2304   6116   7770   5956   2822   2438   8976   4553   9699   5749   7265   2618   7295   2760   2171 
  2640   1330   7109   9225   4215   4979   2891   7240   5529   7342   8936      0    515    462   3025   2330   8461   4497    368   4797   4758   5466   5209   9660   5730   7423   1330   2345   4951   1346   8402   7254   9685   9358   3158   8342   1077   9253   7173   8759   5556   2249   4119   6847   2735   7304   4001   7062   5137   1084    484   1139   7786   2435    487   9594   8546   3227   3409   7796   6158   8897    523   4576   6242   8843   9461    186   8376      3   2472   1754   3440    565   2300   2432   2024   9724   3290   9597   4781   1049   5860   3859   2306   8788    595   6993   2479   3590   1457   5624     94   6167   9448   4802    259    645   4699   3349 
  5860   9632   4175    644    738   1870   5426   1180   5827   1617   5207    515      0   1754   9973    916   5123   7541    493   9709   7477   8149    529   9810   1655   4344   4398   9767   3030   7748   4996   3141   5465    274   7624   2491   9229   1503   1402   3282   6308   1007   8179   5905   9134    306   3154    146   5513   1003    935   7972   7462   8062   2336   5315   8269   5419   6259   2996   8420    104   8573   5797    234   8243   5721   2741   8937    615   3283    192    780   5166   8286   6557   5774   1385   5043   3402   5652   9916   3149   7928   7564    813    961   1619   2247   2541   6882   7253   1187    855   5765   9068   4301   1177   7233   7656 
  8039   2262   3846   6475   2494   2709   8521   1375   2436   3728   7358    462   1754      0   2006   6993    298   1177   7684   4058   4622   7656   2891   3366   2640   1221   8812   6701    741   9633   2654    935   9260   1676   5243   3815   1634   1761   7725   5273   8789   1824   1209    204   5559   9133   8155   2915   1367   2839   9795   6408   4267   5579   5343   5650   6145   2505   1578   6729   9671   6823   6228   3991   3289   2965   6691   3057   1002   3888   8585   9653   4133    235   5047   9398   4756   5514   5729   2757   5217   4609   8738   5587   8349   9756   9378   4196   2798   6224   3845   7238   9325   5218   2551   2098   7839   6870   6566   8722 
  8960    144   8932   5300   7864   8873   3876   7475   1810   6478   6275   3025   9973   2006      0   5059   1290   5712   1316   4252   1603   8749   4700   8464   9896   5535   5312   8242   3214   8375   2368   4187   2229    938   4917   3039   9712   3286   8412   8669   2522   6206     99   4743   6534   3693   1138   7301   6999   6281   5837   3108   4994   3029   9465    979   9056   8077   7004   6640   2056   1421   2170   3151    860   5665   5821   4347    371   3651   4004   6257   4583   5313   6624   9033   6239   1902    810    808   1567   1628   5353   3395   3375   1911   4451   8949   8985   2483   6976   9812    758   8361   5047     31   3355   7823    403    171 
  6177   5040   8924   1002   3160   6035    972   5787    241   8191   6283   2330    916   6993   5059      0   5664   9238   9014   6831   4769   3849   4097   7245    328   8339   2882   1011   1994     17   7487   9314   9777   2729   2290   1373   2122   3114   2629   1429   1152   8533   1231   9204   3240   6906    416   7159   1422   7655   9241   9184   2896   8253   5967   7419   1513   8996   4370   3999   1728   9409    888   3801   7298    597   3023   5141   5661   8489   7923   1133   1294   9048     60    165   2189   9340   4171   4535   9079   7052   6198   2763   5228   9125   1170   3562   9802   4872   8001   5445   6202   6387   7996   8528    169   3939   4097   6723 
  1505      3   3197   8715   2484   2115   6555   1707   7868   1200   9188   8461   5123    298   1290   5664      0    473   1288   5072   2834   5913   4794   9347   7532   8321   2940   1005   1954   4594   1663   6036   2138     14   9530   5201   1188    804   3047     71   8907   4526   5535   2274   3902   9918     25    370   6016   3878   2192     87   3646   7031   2276   4943   3807     44   7987   2973    578   7831    727   9548   1459   9180   1155   1813     79   2957   1145   2589   3065    566   2830   8210   4604    905   3905   1335   9731   5180   2200   7230   7719   6737   3005   6709   1080   1142   1688   1460   3069   3182   2333   2166   2767   3872    920   5781 
   207   1629   8584    761   8560   1591   2246   3014   3935   2050   9475   4497   7541   1177   5712   9238    473      0   3220   3070   4567   9435   6185   9096   3943   5782   1283   5858   8402   8362   2470   5667   5848   9022   2405   8255   1805   5312   9325    151   2643   8874    828   3407   5112   3961    454   9984   9905   2906   2331   2479   3096   9128   7185   9646   8706   4291   3321   7569   2421    227   1183   4771   3529   4542   6562   2106   2349   7126    870   4823   7452    342   1223   4098   8240   7949   2336   1558   3351     12   8939   6425   5988    364   7339   5422   3880   8532   4374   1662    945   1418   3480   9444   8098   1127   3317   9944 
  2376   6949   4049   5261   2096   6323   8605   1246   6690   4638   7915    368    493   7684   1316   9014   1288   3220      0    548   3167   8701   9358   5804   3088   1430   6448   4206   6251    277    152   1729   7714   9469   4674   1347   3713    269   1618   1456   1551   1300   6594   3966   4454   6551   3086   9339   7136   8997   5187   8394   3556   2616   7172   8154   4290   9056   6175   6040   1163   4028   3776   1368   2116   2922   2596   5054   9917   7487   9873   9282   8492   7993   1955    324   5871   2708   2777   1197   1954   4203   2385   3959   4125   7537    898   3583   3217    446   5672   2857   4084   1230   4117   6594   5883   4264   3925   4604 
  7205   9692   3185   2143   6279   8820   2071   4747   3250   1104   6328   4797   9709   4058   4252   6831   5072   3070    548      0   8824   5627   3810    439   1684   1550   9098   3868   5774   6617    350     79   8756   5503   1692    324   2577   1806   6846   3633   9096   1752   9092   1542   4895   9107   4847   3129   7167   1663   9695   6966   3227   3672   7967   9398   5551   3339   3280   7293   4443   3596   4083   6553   3439   3736   3323   2185   5721    584   8849   1242    477   6790   8953   5065   4276   5539   1622   6389   7911   3097   6537    723    557   8493   4399   3095      4   3464   4283   1072   2333   1319   5937   5348   1227   2944   7557   6476 
  2361    190   7328    278   8433   6325   5274   7761   8004   9248   6693   4758   7477   4622   1603   4769   2834   4567   3167   8824      0   8844   4150   8884   9042   1400   6416   3377   4169   1386   7990   8242   5948   1084   6972   3915   2235   7352   3779   6074   2626   3212   7997   3029   1755   3469   2576   5393   3654   5599   6973    276   8983    803    674   3677   9359   9698    222    546   5678   7257   1811   8795   8312   3446   1506   9661   1174   8625   9410    712   8784   2670   4513   7732    904   3122   9743   2842     57   8291   7336   8495   6033   8933    674   6406   1451   1459   6535   1478   6961   2026   1939   5513   2449   7244   2577   8902 
  3990   2220   2429   3499   6039    968   2623   1937   4210    389   1990   5466   8149   7656   8749   3849   5913   9435   8701   5627   8844      0    525    194   9314   6945   6520   8595   7630   4978   4463   2901   5854   7891   1141   7601   2585    990   1730   6907   2559   2230   5966   2098   5188   2788   5929   1541   6735    916   1485   5750   5874   2368   1047   9123    842    926   7715   7762   9626   1414   7846   4589   6292   4902   3809     79      8   4905   1795   5805   4321   9988   8782   4215   9213   6691   9342   6289   1372    132   2710   8797    284    850   2349   8812   8163   9717   6711   2436   9822   6520   8087   9075   4328   6378   1269   7765 
  5952   8380   3903   2301   5614   4815   4688   1330   3874   7698   7966   5209    529   2891   4700   4097   4794   6185   9358   3810   4150    525      0   5629   5752   1419   6882   1840   7738   7173   5276   1450   5469   6201   3095   1685   4113   5875   1705   1737   6277   4581   7299   6102   9599   6478   4209   3505   8143   4458   2959     51   5110   7049   2028   6975    803   2947   3267   6115   2751   8106   2694   5171   1465   7121     30    321   9188   4893   3585   3823    639   2905   5571   4600   1604   5216   4624   3005   1429    613   1944   6973   2036   2678   2491   7543   4002   8193   8263    500   4283   5478   7680    687   8159   7726   5967   3351 
  9314   2596   9312   4483   8420    601   6769   6537   1513   2684    322   9660   9810   3366   8464   7245   9347   9096   5804    439   8884    194   5629      0   3667    603   4574   5479   3225   4097   6482    420    445   5284   4553   1080   2657   2450   1910    958     75   1075   7035   2333   3822   7823   1511   6233   2502    112    768   1511   9095   9721   5489   6432    616    773   5831    537   4459   2707    297   3745   4512   3202   5894   4763   2635   4712   7843   4685   4131   7624   4564    617   7101   3044   3898   6907   5096   6992   9678   2659   7881   5353   5053    340   8473   2868   4005   2637   7598   3833   9151   7110   2487   7954   3260   2590 
  4368   9007   9642   9197   6786    463   5176   1720   9650   3188   7188   5730   1655   2640   9896    328   7532   3943   3088   1684   9042   9314   5752   3667      0   7772   9920    436   9796   2788   9102    541   2099   7976   5609   7113   8466   7897   3566   4227   6187   9261    182   1291    971   8736   1278   5071   8618   3192   8651   8124   2636   1192   2684    598   6297   5610   1137   6724   9209   3846   4748   8687   3522   8952   3349   8556    277   4257   4211   9719   1815   2508   3080   9938   2108   1043   4557    494   9594   2931   8879   1402   5867   2205    233   2874   4659   8222    275   6681   9269   9858   5194   5441    368   5363   1872   7498 
  7809   7180   2291   9710   2766   1261   9280    960   4784   2311   9941   7423   4344   1221   5535   8339   8321   5782   1430   1550   1400   6945   1419    603   7772      0   2990   1208   4694   2481   9070   5260    696   6907   9889   7020    953   5530   2643   8565   9551   3343   9163   8013   4833   7776   9654   3280   9790   4923   8671   8750   6305   2108   4083   8147   2867    619   6211   2230   6016   2634    681   7990   5757   5517     32   7506   2873   3690   9118   1912    706   2947   2772   8624   3178   2321    296   6825   7147   7939   5697   1507   2568   2711    388   5534   5797   9240   6365   8324   7799   8553    881   6771   1536    961   8914   9789 
  4617   2004   3904   9051    941   9027   8213   1530    417   5359   9795   1330   4398   8812   5312   2882   2940   1283   6448   9098   6416   6520   6882   4574   9920   2990      0   7957   2279   6339   3154   9537   6623   2061   7726   1662   9013   8802   2191   1425   2393   2050   7258    935   9531    970   4126   6206   2089   2228   1400   2133   2407   8171   7737   7383   1374   8031   3141   9701   6856   3129   5309   7171   5418    288   5454   2532   6915   8892   5548   9481   2356   6249   7113   5286   4176   9023   3354   2950   2534   3232   9820   8034   1852   1490   2626   7660   8461   1230    514   4066   4006   7050   1456   1888   2254   4755   6698   8805 
  2299   5361   2680   5044   6699   1907   9541   7403   3596   2686   7582   2345   9767   6701   8242   1011   1005   5858   4206   3868   3377   8595   1840   5479    436   1208   7957      0    580   3021   4198   5945   8237    239   1402    894    973   6473   2714   9894   1349   1160   3926   1444   1103   4045   3236   2807   2406   7481   4076   9475   4104   1628   3043   9744   2992   8959   7258   2120   8351    687   9975   9836   8923     12   6899   1030   3579   9521     70   2517   1185    149   8816   2469   5400   6083   6969   9343   2496   8102    747   2976   8551    200   1582   1804   8138   5979   7684   3813   6829   9048   5845   6871   9639   2215   9598   7591 
  6218   4615   6183   4035   2337   6089   7119   6733   8595   1173   6659   4951   3030    741   3214   1994   1954   8402   6251   5774   4169   7630   7738   3225   9796   4694   2279    580      0   1137   4799   3350   1308   7632   2224   4960   6445   5472   2749   9592   8796   5427   5070   5591   4082   4235   6534   1417    747     68   4017   2209   2148   9173   5073   2074   9924   8552   1386   7473   9399   1048   5979   6082     65   8154   7295    352   4562   5839   4531   8632   6006   5305   2713   1192   9231   4603   5902   2492   7030   8566   6391   9817   2318   1264   8930   7293   1337   2935   8875   2182   7745     39   5469   4626   8671   4857   9322   9431 
  8438   4548   4850   2888   9871   4728   7327   1214   4042   2044   5138   1346   7748   9633   8375     17   4594   8362    277   6617   1386   4978   7173   4097   2788   2481   6339   3021   1137      0   3246   7580   6813   8291   4661    871   2175   3814   6258   1360   7847   7583   4419    822   1542    404   9210   8310   5059   7430   7841   3004   9459   1828   8074   4791   4412   5406   4779   7250   5691   3085   3080   1728   7555   7296   6226   5512    791   1706   5456      1   5114   2298   9996   1439    262   3083   1872   1006   3867   9549   5633    846   1962   2035   2764   6848   2689    446   2127   9487   8904   6954   4345   8642   5148   9975   9941     18 
  4375   6488   7949   3753   3169   2120   5590   1380   5293   3417   3915   8402   4996   2654   2368   7487   1663   2470    152    350   7990   4463   5276   6482   9102   9070   3154   4198   4799   3246      0   8251   4026   6819   1511   4719   5077   8617   4119   8463   4484   3513   3841   7268   5242   2531   3190   1400   6571   3886   4937   8916    138   4994   5896   1050   4821   1480   6939   2257   3488   3892   5357   1057    224   1730    665   2414   9960   1216   1047   9945   9385   5340   2326   8676      5   1359   6939   9604   6724   4904   7114   5981   2171   8204   2677   9337   5225   8621   6259    282   3363   6713   8834   6370   5122   4038   8800   2687 
  7312   7833   6825   2557   1220   2018   4841   7545   9355    832   7086   7254   3141    935   4187   9314   6036   5667   1729     79   8242   2901   1450    420    541   5260   9537   5945   3350   7580   8251      0   3820   2043   5206    859   4544   4417   4694   7476   3862   9323    870   3528   4694   4515   9692   2740   9831   7125   3437   1629   8683   4064   7265   2127   2424   7579    697   9237   1066   6214   7203   8762   6359    354   5292   5246   5939    273   4040   1787   5205    337   3934    778   4665   2806      7   9552   9239   8742   9192   2606   6628   5802   1646   3896   6327   8979   3065   1524   6846   8730   6491   5366   7347   9787   4643   3962 
  3969   3654   8381   1154     90   4229    233   3427   4556   2624   9067   9685   5465   9260   2229   9777   2138   5848   7714   8756   5948   5854   5469    445   2099    696   6623   8237   1308   6813   4026   3820      0   8760   9363   6181   9539   5258   9928   4188   5779     37   9561   6419   2746   9348   9511     63   7603   2476   1522   2113   8732   1865   3944   1003   5749   7704   3450   8304   8732   7686   6224   1233   8519   4649   5071   7956   3554   2542   1401   5399   6379   3426   1492   8310   5691   4708   7502   1882   4309   6091   7537   9635   5748   3124   1586   1446   6786   8095   6399   7001   1060   5578   8856   7678   8317   4461   7710   7230 
   261   9427   2599   9283   3866   1926   1649   8349   7154   5809   6243   9358    274   1676    938   2729     14   9022   9469   5503   1084   7891   6201   5284   7976   6907   2061    239   7632   8291   6819   2043   8760      0   6466   2247   9674   7673   4473   8361   6704   6091   2184   9937   8565   6816   5533   2090   5389   1739   8329   9793   1561    435   7393   1691   8832   6271   6054   4821    188   4003   6803   5500   1751   2891   9641   5790   6373   4055   5383   8656   1300   3960   5836   8018   4627   2746   9200   3231    784   1442    289   1625   1302   9721   7146   4148   3397    825   6154   2049   8803    407   3619   7054   6898    386   7647   4028 
  4348   4758   6617   1309   1585   1976   2598   7421   2463   7292   4184   3158   7624   5243   4917   2290   9530   2405   4674   1692   6972   1141   3095   4553   5609   9889   7726   1402   2224   4661   1511   5206   9363   6466      0   7506   9467   6779   3505   2777   8837   7918   1999   2625   9423   2825   2563   6354   8319   2484   3970   4320   5697   9047   9266   2439   8096   2535   9493   1061    659   7987   7627   1479   7884   4862   2344   9624   6237   1454   5154   2790   9739   2277   7759   1110   5704    111   8511   4425   4667   7276    550    207   3858   5679   1133   9693   2075   3414   6681   6634   2543   1484   6635   3519    112   6092   1721   4287 
  5580   1720   9405   7016   5596   4509   3340   2005   9164   5415   6599   8342   2491   3815   3039   1373   5201   8255   1347    324   3915   7601   1685   1080   7113   7020   1662    894   4960    871   4719    859   6181   2247   7506      0   1332   1784   1229   8227   5634    426   6780    874   6156   6041   2553   1487   2110    223   9612    796   2646   7513   1981   6895   3315   4671   4277   5739   1874   3573   1014   3505   7287   3187   8745   1903   9129    800   1336   1832   2049   6453   3373   1557   9988   1792   8779   3724    527   8390   7771   2302   5138   4606   1562   4406   2320   1994   3009   4671    181   6072   1380    550   8952   1193   4527   6193 
  2407   3002   3683   8073   6691   1401   7513   3991    673   1824   2081   1077   9229   1634   9712   2122   1188   1805   3713   2577   2235   2585   4113   2657   8466    953   9013    973   6445   2175   5077   4544   9539   9674   9467   1332      0   1412   3888   2605   4350   1073   9342   4682   6112   2744   2588   4332   1478   5287    345   7245    413   9056   7670   3308   2281   3385   4271   6437    270   3631   1451   4797   8996   4604   6663   6850   5884   1836   1550   7539    684   1978    652    683   5266   1215   9845   4500   2023   1085   3392   7545   2434   6760   9768   7099   4736    134   4661    953   7153   5801   8999   3082   4581   5835    420   8028 
  4962   1276    576   1867   9509   6796   4078   2340   4912   5580   7208   9253   1503   1761   3286   3114    804   5312    269   1806   7352    990   5875   2450   7897   5530   8802   6473   5472   3814   8617   4417   5258   7673   6779   1784   1412      0   8552   4233   2179   3393   7131   6130   5145   4184   3059   2994   9026   9322   7862    874   9107   9319   6212   8017   9086   7568   1219   8913   2294   5781   1551   2139   5892   1729   2737   6956   6490   5972   2318   7076    983   6641   5217   3156   9083   6362   4076   4152   6253   2520   4588   3093   6729   7743   7371   7236   3390    257   2571   4319    568   1281   9168   8268   4426   5451   3055   6072 
  9414   5822   5689   1795   9000   8982   1251   9218   2071   9675   2792   7173   1402   7725   8412   2629   3047   9325   1618   6846   3779   1730   1705   1910   3566   2643   2191   2714   2749   6258   4119   4694   9928   4473   3505   1229   3888   8552      0   5935   4194   5844    709   3826    202    632    934   4699   5687   1748   7098   2764   2565   1328   2743    843   6361   7616   1769   3873   2696   6560   3051   8852   9574     93   1684   2017    945    359   5078    252   3502   1109   5651   1692   3444   3224   1137   1265   9000   4515   7183   9384   6073   7530   8615    929   7085   9194   2535   1311   4395   7880   1755   2481   6682   2189   4525   1200 
  1275   5916   8132   5683   8210   2382   7444   4815   5650   7165    420   8759   3282   5273   8669   1429     71    151   1456   3633   6074   6907   1737    958   4227   8565   1425   9894   9592   1360   8463   7476   4188   8361   2777   8227   2605   4233   5935      0   3049   5329   1359   7977   5840    630   7063   5148   3255   2535   3692   1253   3206   6898   1632   4825   7180   6178   2223   6275   3587    433   6166   1600   8548    925   6407   9369   3158   1096   4636   9632   9661   6645   6090   3614    448   3009    280   5419   1899   7807   5088   8638    807   1192   2309   8454   6470   3345   1636   2137   3443   1901   1168   2988   7561   4246   5704   2322 
  7037   5620   6757   2984    985   2782   5912   5218   3046   1804   2171   5556   6308   8789   2522   1152   8907   2643   1551   9096   2626   2559   6277     75   6187   9551   2393   1349   8796   7847   4484   3862   5779   6704   8837   5634   4350   2179   4194   3049      0   7923   1303   6204   1785   6820   1612   4240   5939   7703   4621   9743   6081   1929   2440   4532   1669   1605   8541   1253    921    976   3102    416   5274   1526   1319   6218   4378   3060   8859   7670   1190   5495   7841    818   8323   2549   9998   6264   6927   9739   7923   7300   5830   4039   3992    561   9026   2070   7866   5144   1832   9712   8146   4219   8416   1074   3110   9103 
  8565   5267   7112   9723   7460   7280   3064   8341   1529   8887   5949   2249   1007   1824   6206   8533   4526   8874   1300   1752   3212   2230   4581   1075   9261   3343   2050   1160   5427   7583   3513   9323     37   6091   7918    426   1073   3393   5844   5329   7923      0   7027   5884   7173   3048   7323   7692    750    249   9494   8554   5729   6411   2827   2597   5913   4974   2945   3678   5257   4430   6429   7668   1397   8071   2076   2607   6403   8652   5793   2624   6083   7780   1775   3321   1291   1911   5273   4697   4455   5367   7897   4058   5199   9953   5855   9614   9370   6661   9132   8279    418   3956   5566   4997   1913   3226   8733   7110 
  7051   7502   5260   8193   6558   1757   1038   1364   2536   3863   4616   4119   8179   1209     99   1231   5535    828   6594   9092   7997   5966   7299   7035    182   9163   7258   3926   5070   4419   3841    870   9561   2184   1999   6780   9342   7131    709   1359   1303   7027      0   7195    348   3142   7849   4053   4852   2886   1875    245   9818   9402   9525   5618   2756   4022   1965   3423    417   5267   2492    683   6434   2909    648    588   7979   2396   6259   8267   6744   8467   4347   6770   8035   7702    179   6916   3093   1440     34   2764    586   1732   5258   6986   5337   3475   8859   7882    660    751   3001   4486   7469   6221   9419   9342 
  7946   5744   1411   2625   7510   2802   5525   6312    510   1903     63   6847   5905    204   4743   9204   2274   3407   3966   1542   3029   2098   6102   2333   1291   8013    935   1444   5591    822   7268   3528   6419   9937   2625    874   4682   6130   3826   7977   6204   5884   7195      0   3594   8849   8181   7093   9402    293   4664   3838   7624   7147   2488   2344   1615   9172   7198   8967   7358   1329    575   4612   8974   1449   8844   5751    721   6266   5740   7026   3118   5060   3062   8880   8921   5587   8627   1102   6616   3884   7619   8505   7123   8955   6639   4090   8011   4635   7519   1438   8767   3223   9756   5098   8634   6559   6936   5598 
  4788   6764   8439   9419   6908   9497   1410   5926   6165   1779   9492   2735   9134   5559   6534   3240   3902   5112   4454   4895   1755   5188   9599   3822    971   4833   9531   1103   4082   1542   5242   4694   2746   8565   9423   6156   6112   5145    202   5840   1785   7173    348   3594      0   2737   4509    908   9559   4139   6074   5875   6634   5874   7547   8293    782   8441   5728   9222    571   4493   3807   2863   9217   3441   2574   1597   6922   4469   9487   4377   8355   2230   4239    135   5687   7099   2448   8771   6654   5935   3798   7528   4197   4619     97   7939   2702   5109   5737   1928   2298   2558   9423   2530   2565   4776   1778   6480 
  1429   9815   6164   5508   6539   9860   1801   3347   5116   1468   9328   7304    306   9133   3693   6906   9918   3961   6551   9107   3469   2788   6478   7823   8736   7776    970   4045   4235    404   2531   4515   9348   6816   2825   6041   2744   4184    632    630   6820   3048   3142   8849   2737      0   1858   7911   2624   9918   2071   9545    575   4658   3979   2456    251    728   6190   8544   2353   5215   7320   6348   1180   1157   3973   8725   3407   5712   9040   8557   1187   5999   2287    761   4466   3968   6846   8029   2180   3619   2783   5004   8472   3167   2593   1248   9590   2707   2127   9414   8212   7039   6987   3278   1942   2675   2252   8801 
  9106   2380     33   8587    179   7693   9032   6380   8949    243   9479   4001   3154   8155   1138    416     25    454   3086   4847   2576   5929   4209   1511   1278   9654   4126   3236   6534   9210   3190   9692   9511   5533   2563   2553   2588   3059    934   7063   1612   7323   7849   8181   4509   1858      0   3354   1464   9684   7363   7059   7534   9846   2011   6901   4006   2183    320    897   3856   7570   5975   1490   4775   7809   6938   3640   9004   3434    634   1268   3088     39   1416   6725   8981   4041   9488   2545   6519   8975   1032   5430   1463     18   4855   1538   6824   5092   1304   3024   9069   1288   6161   1077   3347   1140   8479   1547 
  2483   4732   6046   4579   3327   7375      5   8278   2297   2056   6637   7062    146   2915   7301   7159    370   9984   9339   3129   5393   1541   3505   6233   5071   3280   6206   2807   1417   8310   1400   2740     63   2090   6354   1487   4332   2994   4699   5148   4240   7692   4053   7093    908   7911   3354      0   3979   7926   8932   5468   5434   1315   5027   2450    468    854   5115   1373   5733   4120    947   1733    482    891   1957   7650    800   9725    221   7081   3299   4874   2210   2729   6425   5489   4150   9493    360   8427   1211    947   7061   7047   9399   3701   4822   4747   1882   4278   2106   6487   6748   1832   9047   5562   8924   2397 
  8659   7991   8631   8309   4124   1449   1106   1379   5264   5814   8891   5137   5513   1367   6999   1422   6016   9905   7136   7167   3654   6735   8143   2502   8618   9790   2089   2406    747   5059   6571   9831   7603   5389   8319   2110   1478   9026   5687   3255   5939    750   4852   9402   9559   2624   1464   3979      0   9060   4394   1173   7556    648   9807   2644   8133    771    688    488   6863    939   6609   9016   4656   5705    396    843   4869   5332   2158   3396   6356   3390   7140   6332   1399   5518   5975    468   8059   1182   9876   2683    440   3589    879   6156   5794   2359   9034   6748   1777   1340   4689   5762   8668   5550   4217   6696 
  2578    480    990   7550    305   5560   5340   8227   6270   8898   6323   1084   1003   2839   6281   7655   3878   2906   8997   1663   5599    916   4458    112   3192   4923   2228   7481     68   7430   3886   7125   2476   1739   2484    223   5287   9322   1748   2535   7703    249   2886    293   4139   9918   9684   7926   9060      0   3548    887   6233    673   5055   6553   4072   6923   2074   1087   4616   4246   9267   5956   1106   8133   4927   4659   6195   3317   2104   3615   4214   7051   6626   5555   2658   7810    175   7228   8294   5317   8832   7669   1731   3834   5710   2243   2202   5696   8696   4243   7287   9786   8543   5856   7181   6396     15   9224 
  4884    916   2090    728   9997   8530    527   3583   8397   6406    327    484    935   9795   5837   9241   2192   2331   5187   9695   6973   1485   2959    768   8651   8671   1400   4076   4017   7841   4937   3437   1522   8329   3970   9612    345   7862   7098   3692   4621   9494   1875   4664   6074   2071   7363   8932   4394   3548      0   1634   2100   8575   6178   9612   5468   2539   2104   6589    624   7025    587   9340   8859   1322    232   6725   5943   6010    325    611   6388   3147   1840    331   1255   7989    873   2427   4599   7905   8254   1924   7892   9071   3672   2773   2633   6613    644   8633   9843   1114   7460   5458   4961   7586   5958   4294 
  4936   1755    148   4678    924   2821   1023   1897   5872    109   1306   1139   7972   6408   3108   9184     87   2479   8394   6966    276   5750     51   1511   8124   8750   2133   9475   2209   3004   8916   1629   2113   9793   4320    796   7245    874   2764   1253   9743   8554    245   3838   5875   9545   7059   5468   1173    887   1634      0   7471   5995   5413    841   6526   8809    799    636   5766   7598   1911   2566   6430   9533   2780   6801    715   2575   6168   6472   7431   2982    893   3182   2980    529   6125   2752   5056   5696   5065   3598   7995   6361   3036   8598   1895   9499   6409   1171   6766   5250   1858   3014   3835   2874   2201   4850 
  3048   4790    327   8574   5956     82   9419   1865   8056   8934   2403   7786   7462   4267   4994   2896   3646   3096   3556   3227   8983   5874   5110   9095   2636   6305   2407   4104   2148   9459    138   8683   8732   1561   5697   2646    413   9107   2565   3206   6081   5729   9818   7624   6634    575   7534   5434   7556   6233   2100   7471      0   5233   8729   7420   2109   9776   6214   8173   3476    490   7407   8544   8718   1600   2459    600   9877   7266   4620    707   6514   3766   8840   1252   2679    648   1176     50    577   7012   6338   8751   9662   6287   1219   3163   3548   3372   7919    634   8836   1933   4540   1427   5013   8072   1725   1211 
  8450   7258   5664   9043   5463   7919   7725   7136   5257   4440   3764   2435   8062   5579   3029   8253   7031   9128   2616   3672    803   2368   7049   9721   1192   2108   8171   1628   9173   1828   4994   4064   1865    435   9047   7513   9056   9319   1328   6898   1929   6411   9402   7147   5874   4658   9846   1315    648    673   8575   5995   5233      0   3380   9677   1707   5152   4147   2740   3658   9050   1985   8444   2426   2271   7297   9953   5371   1957   3678   7821   4390   3885   8814    178   5672   6494   8053   4279   9840   7936   5756   8977   2236   5610   3202   7027   8144   6781    755   4905   5047   8049   9223   3057   5006   1825   9374   7675 
  5187   2515   1387   8500   5538   4022   5928   5619   3156   8369   3995    487   2336   5343   9465   5967   2276   7185   7172   7967    674   1047   2028   5489   2684   4083   7737   3043   5073   8074   5896   7265   3944   7393   9266   1981   7670   6212   2743   1632   2440   2827   9525   2488   7547   3979   2011   5027   9807   5055   6178   5413   8729   3380      0   8622   2483   7113   3954    473   5450     90    411   8552   2336   7071   4670   3571    445   9228   9842   8081   8109   3448   5757   9569    753   9754   2908   7304   4867   9539    336   1741    160   7166   8985   1779   8289   6263   6215   1286   4011   7561   6383   4376   4807   1307   2122   3884 
