
     0     71      2     28     59     91      4     65     17     34      3     48     47     75     49     61     99     47     71     12     41     21     25     65     91     32     54     85     57     38     10     94     70      2     14     21     98     53     56     37     11     20     50     28     74     42     26     75     68     10     56     37     19     22     81     61      1     54      8     27 


 1000000    440    379    739    667    910    440    762    709    187    234    613    221    930    900    661    331    454    107    894    755    162    411    143    204    147     69    947    497    802    127    325    634    574    373    665    351    413    262    664    134    138    190    176    791    203    270    639    248    230    480    741    239    554     70    653    237    574    212    934 


     0   2287   8119   4445   6594   4875   6270   1702   1598   9983   4147   2596   1655   3410   2382   6086   4921   8933   3285   7212   7204   5477   6796   3879   2992   6268   8610    702   8592   3983    856   7426   2772   5075   1219   9700   2164   9024   4885   4181   6347   6299   1623   5310   4178   1214   7051   1537   1997   1355   2064   1455   5722   3569   5926    219    215   1598    563   6703 
  2287      0   5364   4725   4773   2397   1898   9745   7595   1881   1195    714   1230   9876   6395    311   4932     91   3358    213   8087   4866   1283    295   4978   2523   1968   5134   8397    827   6910   3962   2265   2815   5687   7906   7215   2506   4366   1728   9285   2130   5070   3025   8289   2827   7143   1435   2338   1716    405   3150   6139   8801   1138   9888   3858   3400   2174   8228 
  8119   5364      0   9866   4463   6205   2331   9228   7574   3696   5933   9580   7745   1575   3865   3450    809   4870   8987   6086   2675   5606   5422   2760   9712   9615   2098   3359    598    467   1679   8426   4590   2269   1930   3652   6112   3466   7543   8244   5964   4920   6704   7541    938   9933   3636   2369   3028   1370   2659   5076   6354   6576   3736    239   7286   3282   3545   7867 
  4445   4725   9866      0   1417   8717   9083   3520   7509   2340   8041   2885   7428   7375    614   2297   2185   2885   4672   7201   6045   1929   8696    676   2045   9506   7423   2757   6401   2622   4179   2863   9632   7864   1609   4822   2482   1416   8461   6333   2789   2171    456   9427   7365   5459   9969   1186   2421   6977   9783   8938   1555   6129   5806   8121   3098   1142   6615   2591 
  6594   4773   4463   1417      0    953   5159   4725    448   8389   3976   3133   9818   5081   1868   5277   9177   3047   8475   3024   5575   7705   7487    368   8136   3769   1812   5773   7398   4322   6112   1901   9578   6181   5071   5669   4011    977   3379   3526   1322   4412   4699   5979   5485   6103   9458   5170   2251   7345   2123   1688   3433   5834   2074   5050    420    843   3397    169 
  4875   2397   6205   8717    953      0   7662   4035   8763   1326   7805   9429   7012   2734   6256   7504   2554   7839   7236   7775   7272   9036    424   8034   1345   8420   2573   1196   6451   7881   3841   1967   1148   3592   8731   9172   2972   3220   9082    447   9820    296   7914   8498   5149   9757   9000   9936   8501   2328   2296   4997   3095   2215   1971   3428   3538   9948   3349   4865 
  6270   1898   2331   9083   5159   7662      0   8955   8523    838   1919   4413   2977   3352   6269   7633   7270   5282   8908     26   5204   4603   2724   9059   6935   3418   4968   4811   1832   8492   4582   8801   1988   1733    435   9819   4850   4604   9526   4060   9861   2737   8804   2118   3134   9682   8860   2477   1846    317    372   3437   4314   5991    659   5245   3799   7725    432   3925 
  1702   9745   9228   3520   4725   4035   8955      0   3063   7401   5946   9644   4781     56     41   1750   7325   1482   8341   3117   6400   6587   4101   6126    326   1008   7355   3991   1340   5285   8622    190   6065   9781   7303   9907   9827    570   1456   8826    142   8486   8793   3346   9112    482   8829   5275   4518   4246    917   7175   3667    938   4890    542   6530   5739   6912   5591 
  1598   7595   7574   7509    448   8763   8523   3063      0   2865   7248   7505   8196   8001   8798   2408   8942   1059   2105   8768   3042   1829   3565   8203   1787   6221   3596   7910   5808   2677   1050   1613   8672   5447    310   5547   5549   7290   9099   9141    389   7325   2007   6471   8679    611    986   6639   9637   7328   6753   8696    645   4292   5108   6777   9310   3909   8718   5070 
  9983   1881   3696   2340   8389   1326    838   7401   2865      0    383   3761   9628   8471   5282   2083   3497   6048   4643   6629   9736   9329   5658   3879   2401    567   8944   9023   2176   2642   8976   3954   2140   4864   1788   8337   9636   3561   8883   8231   1136   2620   1040   3298   8373   3210   8837   6640   5257   4737   1864   7676   5881   4748   1134   2712   1704   4905   4070    237 
  4147   1195   5933   8041   3976   7805   1919   5946   7248    383      0   5018   2282   3640     48   5696   9264   7166   2183   9861   6820   8706   6269   4873   8472   5897   2529   5261   2302   2560   1510   1855   7254   4565    966   6424   7422   7943    568   7458    197   2449   1427   2814   3872   4468    211   2518   9488   8019   1452   5311   5731   1140   6124   3763   3370   6388   4566   3388 
  2596    714   9580   2885   3133   9429   4413   9644   7505   3761   5018      0   4203   4907   7340   5523   2072    641   1676   4299   4751   6911   2446   8713   7219   3018   7180   6757   7706   9228   1138   1974    424   1668    873    634   9756   2704   4158   9300   3658   1720   9928   3738   5513   5726    266   8301   8797   1300   5157   1403   4423   8557   6066   7715   2347    791   8414   4855 
  1655   1230   7745   7428   9818   7012   2977   4781   8196   9628   2282   4203      0   4994   2616   2246   7704   2561   3208    885   3901   9273   2382   6059   7253   5744   7182   1008   2414   7584     98   8521   7125   1566   1063   5866   8144   5038   4794   1245    985    325   1331   4529   3004   7230   1793   3975   9315   4753   3815   8264   4465   3872   3319    235   4893   4404   8605    373 
  3410   9876   1575   7375   5081   2734   3352     56   8001   8471   3640   4907   4994      0   2337    984   8958   7521   1506    116   4992   1203   3889   7180   9996   6055   6546    425    739   1263   2220   1288   2542    556   2385    386   5210   2732   7870   2363   5586   6117    998   4479   5133    768   2619   2729   8474   4777   6926   5317   1466    439   7592   7881   2701   6823   1160   3055 
  2382   6395   3865    614   1868   6256   6269     41   8798   5282     48   7340   2616   2337      0   5665   7293   1406   1559   8648   4477   2296   6746   9656   5879   6476   2769   8951   9697   4774   3639   9222   8505   9188   6283   8974   3290   2063   2571   6634   7486   7787   6157   8373    902   4785   5920   4372   3174   6283   6114   6981   2019   9329   2883   2729   6705    531   9562   7342 
  6086    311   3450   2297   5277   7504   7633   1750   2408   2083   5696   5523   2246    984   5665      0   5224   2471   2389   8337   5607    323   7095    483   2620   2638   2877   8266   9202   3667   4705   4939   6667   4422   2322   4597   4095   3227   7779   5183    486   9108   8979   3317   4387   8170   9197   4384   5202   1839   9602   1557   5970    498   9827   7184   2278   3106   2834   3601 
  4921   4932    809   2185   9177   2554   7270   7325   8942   3497   9264   2072   7704   8958   7293   5224      0   8776   6776   8203   8951   9055   5807   3935   5690   2659   3734   7521   2286   2669   4920    820   3621   4436   7115   4580   7860   8694   6598   1444   2971   3668   8231     56   2958   3872   6661   9108   7032   2347   6546   7780   2193   2953    644   6957   4781   1640   1652   3828 
  8933     91   4870   2885   3047   7839   5282   1482   1059   6048   7166    641   2561   7521   1406   2471   8776      0   1480   7921   9863   8717   3616   8078    204   2294   5251    253   9206   2453   5513   4642   9931   3647   5844   4499   2461   3962   9654   7920   4760   3781   5074   5346   7676   5958   2310   5686   3180   1636   8423   6618   4695   1350   9359   2870   8166   9211   3732   5454 
  3285   3358   8987   4672   8475   7236   8908   8341   2105   4643   2183   1676   3208   1506   1559   2389   6776   1480      0    853   7227   9897   2247   7126   7374   3578   2279   6707   5260   6947   3682   2787   5765   6001   8706   3313   1104   2027   4086   7943   9561    163   7391   2753   5767   4681   4854   4080   4812   9103   6434   9773   5968   7379   4472   6464   1695   3592   9123   8799 
  7212    213   6086   7201   3024   7775     26   3117   8768   6629   9861   4299    885    116   8648   8337   8203   7921    853      0    930   2167   2455   8187   9739   2006   3760   6537   2629   5462   3536   6846   8203   1746   2664   5037   6312   5030    870   6148   1631   5164    816   4628   1707   5293   6720   9712    121   1943   5200   2409   1732   6347   6167   2568    929   2585    565   6765 
  7204   8087   2675   6045   5575   7272   5204   6400   3042   9736   6820   4751   3901   4992   4477   5607   8951   9863   7227    930      0    828   2991   8139   9750    147   1310   7582   2355   7393   5326   9006    456   3117   1572     17   1123    308   1521   9029   8223   8772   2686   4469   7177   6794   2134   5228   5426   6542   8627   9128   7685   2669   2764   3872    570   1655   4990   2153 
  5477   4866   5606   1929   7705   9036   4603   6587   1829   9329   8706   6911   9273   1203   2296    323   9055   8717   9897   2167    828      0   1482   7322   2106    916   9909   1934   8750   6477    929    466   7255   1615   6774   1287   5734   6379   7014   2540   4416   6379   6913   7466    716   1554   1720   1344   6247   2422   1105   5440    315   3568   2395   8939   2449   1203   8067   2731 
  6796   1283   5422   8696   7487    424   2724   4101   3565   5658   6269   2446   2382   3889   6746   7095   5807   3616   2247   2455   2991   1482      0    211   8123   7224   6479   4229   1032   9722   7756   8997   4170   9033    994   6930   3774   1228   3804   1898   2666     32   3949   8216   6278   3810   1735   4508   1116   7647    684   8443   6337   3610   8298   4697   2211   9150   2706   4725 
  3879    295   2760    676    368   8034   9059   6126   8203   3879   4873   8713   6059   7180   9656    483   3935   8078   7126   8187   8139   7322    211      0   2309   3782    250   1781   7641   4618   2548   3955   8973   5996   4878   3847   3849   2515    412   1221   6408   5190   6146   1721   6804    219   9366   6561    199   7570   4485   7882   4255    124   1875   9870   6816   6321   8985   7550 
  2992   4978   9712   2045   8136   1345   6935    326   1787   2401   8472   7219   7253   9996   5879   2620   5690    204   7374   9739   9750   2106   8123   2309      0   9313   3889   2123   3083    944   8425   9223    698   1975   6106    725   3896   5651   2405   4571   3034   9201   1834   9087   5514   9612   8866   5282   9598   5252   9530   6779   5801   3329   1522   4465   7766   2729   8470   3005 
  6268   2523   9615   9506   3769   8420   3418   1008   6221    567   5897   3018   5744   6055   6476   2638   2659   2294   3578   2006    147    916   7224   3782   9313      0   9683   3294   3611   1823   6284    475   8173    480   8184   1487    503   6584   6456   2363   1251   9552     94   2200   3235   6667   9371   2765   8256   3040   4733   3568   9762    874   6983    761   5952   4084   2434   4271 
  8610   1968   2098   7423   1812   2573   4968   7355   3596   8944   2529   7180   7182   6546   2769   2877   3734   5251   2279   3760   1310   9909   6479    250   3889   9683      0   1770   9647    291   5501   7587   8101   3806   1573   1347   8211   6922   6905   3197    530   8406   6837   2605   1062   3659   2608   8694   1883   2194   5587   2697   6077    521   1771   5432   7078   1632   9532   2701 
   702   5134   3359   2757   5773   1196   4811   3991   7910   9023   5261   6757   1008    425   8951   8266   7521    253   6707   6537   7582   1934   4229   1781   2123   3294   1770      0   3341   5945   5303   7494   4844   9329   9901   4691   4691   9065   1699   8369   5691   6328   5961    184   5645   5845   7157   9203   7364   8721    389   8175   5456   9554   2373   7511   1005   4278   9373   4093 
  8592   8397    598   6401   7398   6451   1832   1340   5808   2176   2302   7706   2414    739   9697   9202   2286   9206   5260   2629   2355   8750   1032   7641   3083   3611   9647   3341      0   5538   6790    846   7004   7566   5561   6174    941   6015   8908   3874   1735    469   8591    492    908   5735   6242   1509   2416   6372   3696    844    860   5308    492    207   1522   3247   1755   1497 
  3983    827    467   2622   4322   7881   8492   5285   2677   2642   2560   9228   7584   1263   4774   3667   2669   2453   6947   5462   7393   6477   9722   4618    944   1823    291   5945   5538      0   1522   8086   7137   9661   6734   5953   7694   4737   7322    321   4939   7118   4231   8663   4928   2151   5456   1404   2089   4552   4165   8625   9817   7233   6071   3913   3902   5010      4   4022 
   856   6910   1679   4179   6112   3841   4582   8622   1050   8976   1510   1138     98   2220   3639   4705   4920   5513   3682   3536   5326    929   7756   2548   8425   6284   5501   5303   6790   1522      0    455   8249    148   6514   2690   1993   3268   9759   3161   1806   8946   3264   2574    606   3833   6904   1157   3905   3469   1940   4786   1733   7322   6677   7556   7243   8713   8768   4513 
  7426   3962   8426   2863   1901   1967   8801    190   1613   3954   1855   1974   8521   1288   9222   4939    820   4642   2787   6846   9006    466   8997   3955   9223    475   7587   7494    846   8086    455      0    934   8068   1913   2850   9380   5787   8332   3313   4653    230   7102   5473   1003   3276   4180   1390     75   1716   7426   9173   5060   4172   5847    965   1221   7959   1446    696 
  2772   2265   4590   9632   9578   1148   1988   6065   8672   2140   7254    424   7125   2542   8505   6667   3621   9931   5765   8203    456   7255   4170   8973    698   8173   8101   4844   7004   7137   8249    934      0    435   8810   1047   9516   6994   8489   7264   4725   9283   8302    270   1335   8239   1675   6168   8686   3363   5666   1621    658   9517    561   2524    345   5093   9138   2541 
  5075   2815   2269   7864   6181   3592   1733   9781   5447   4864   4565   1668   1566    556   9188   4422   4436   3647   6001   1746   3117   1615   9033   5996   1975    480   3806   9329   7566   9661    148   8068    435      0   5883   4975   3651   3918   3565   6544   4274   6680    263   2158   8316   1554   2407   9757   3751   5502   6011   8839   8701   7971   2937   4556   6586    587   3810   8410 
  1219   5687   1930   1609   5071   8731    435   7303    310   1788    966    873   1063   2385   6283   2322   7115   5844   8706   2664   1572   6774    994   4878   6106   8184   1573   9901   5561   6734   6514   1913   8810   5883      0   9016     94   5959   2590   7834   6190     27   8748   9015   5139   2107   9947   8137   5274   7802   4724   8869   4633   7233   4475   7772   3654    757   6335   8370 
  9700   7906   3652   4822   5669   9172   9819   9907   5547   8337   6424    634   5866    386   8974   4597   4580   4499   3313   5037     17   1287   6930   3847    725   1487   1347   4691   6174   5953   2690   2850   1047   4975   9016      0   1897   8905   4895   6093   8062   9510   8333   2769    864   1241   4615   4843    178   2510   3779   3563   7295   8971   9659   5782   5652   7342   1241   1900 
  2164   7215   6112   2482   4011   2972   4850   9827   5549   9636   7422   9756   8144   5210   3290   4095   7860   2461   1104   6312   1123   5734   3774   3849   3896    503   8211   4691    941   7694   1993   9380   9516   3651     94   1897      0   8108   7689     53   1126   1869   8685   8860   2019   1857   5046   7635   4899   7479   2279    812    708   1162   1335   1800   9868   4337   7675    637 
  9024   2506   3466   1416    977   3220   4604    570   7290   3561   7943   2704   5038   2732   2063   3227   8694   3962   2027   5030    308   6379   1228   2515   5651   6584   6922   9065   6015   4737   3268   5787   6994   3918   5959   8905   8108      0   2151   7097   1188   2105   4947   1392   1018   6520   8968   1955   8969   2210   6925   2666   4300   8345   1416   8435   8665   9601   6068   1484 
  4885   4366   7543   8461   3379   9082   9526   1456   9099   8883    568   4158   4794   7870   2571   7779   6598   9654   4086    870   1521   7014   3804    412   2405   6456   6905   1699   8908   7322   9759   8332   8489   3565   2590   4895   7689   2151      0   1869   9472   5992   1844   5320   4951   9430   7716   8490   2610     67   9625   3566   8349   1254   1445    662   1927   2067   7287    649 
  4181   1728   8244   6333   3526    447   4060   8826   9141   8231   7458   9300   1245   2363   6634   5183   1444   7920   7943   6148   9029   2540   1898   1221   4571   2363   3197   8369   3874    321   3161   3313   7264   6544   7834   6093     53   7097   1869      0   9611   6168   3319    106   7739   8136   1207   2073   6096   5015   4710   2190   5120    519    438   2196   5055   6241   3041   5923 
  6347   9285   5964   2789   1322   9820   9861    142    389   1136    197   3658    985   5586   7486    486   2971   4760   9561   1631   8223   4416   2666   6408   3034   1251    530   5691   1735   4939   1806   4653   4725   4274   6190   8062   1126   1188   9472   9611      0   6777   1334   5559   4225   6862   8216   7819   7803   1550   7459   4206   7311   7255   4976   5851   7229   1021   6957   6421 
  6299   2130   4920   2171   4412    296   2737   8486   7325   2620   2449   1720    325   6117   7787   9108   3668   3781    163   5164   8772   6379     32   5190   9201   9552   8406   6328    469   7118   8946    230   9283   6680     27   9510   1869   2105   5992   6168   6777      0   9198   1529   5046   9934   4084    661   2151   9000    435   4966   2597   7793   6799   4010   4250   5643   1830    756 
  1623   5070   6704    456   4699   7914   8804   8793   2007   1040   1427   9928   1331    998   6157   8979   8231   5074   7391    816   2686   6913   3949   6146   1834     94   6837   5961   8591   4231   3264   7102   8302    263   8748   8333   8685   4947   1844   3319   1334   9198      0   6160   7898   2592   6038    145   9489   9621   3087   1822    430   6495   7653   4157   2085   6209   4947   1815 
  5310   3025   7541   9427   5979   8498   2118   3346   6471   3298   2814   3738   4529   4479   8373   3317     56   5346   2753   4628   4469   7466   8216   1721   9087   2200   2605    184    492   8663   2574   5473    270   2158   9015   2769   8860   1392   5320    106   5559   1529   6160      0    218   8086     22    257   2419   4590   2180    378   5901   3173    671   8613   6221   1125    553   6072 
  4178   8289    938   7365   5485   5149   3134   9112   8679   8373   3872   5513   3004   5133    902   4387   2958   7676   5767   1707   7177    716   6278   6804   5514   3235   1062   5645    908   4928    606   1003   1335   8316   5139    864   2019   1018   4951   7739   4225   5046   7898    218      0   9354   7645   9831   9397   1672   6019   2458   3064   9208   2887   3659   7521   4575   8121   5575 
  1214   2827   9933   5459   6103   9757   9682    482    611   3210   4468   5726   7230    768   4785   8170   3872   5958   4681   5293   6794   1554   3810    219   9612   6667   3659   5845   5735   2151   3833   3276   8239   1554   2107   1241   1857   6520   9430   8136   6862   9934   2592   8086   9354      0   8867   9540   8893   7084   1245   9485   2524   1603   7655    507   1261   6909   7424    933 
  7051   7143   3636   9969   9458   9000   8860   8829    986   8837    211    266   1793   2619   5920   9197   6661   2310   4854   6720   2134   1720   1735   9366   8866   9371   2608   7157   6242   5456   6904   4180   1675   2407   9947   4615   5046   8968   7716   1207   8216   4084   6038     22   7645   8867      0   9092   1410   1286   8003   5275     88   4919   5964   1023   9825   1878   6321   6622 
  1537   1435   2369   1186   5170   9936   2477   5275   6639   6640   2518   8301   3975   2729   4372   4384   9108   5686   4080   9712   5228   1344   4508   6561   5282   2765   8694   9203   1509   1404   1157   1390   6168   9757   8137   4843   7635   1955   8490   2073   7819    661    145    257   9831   9540   9092      0   6088   3569   8635   7726   7277   2097   1090    895   7822   6418   7983   5413 
  1997   2338   3028   2421   2251   8501   1846   4518   9637   5257   9488   8797   9315   8474   3174   5202   7032   3180   4812    121   5426   6247   1116    199   9598   8256   1883   7364   2416   2089   3905     75   8686   3751   5274    178   4899   8969   2610   6096   7803   2151   9489   2419   9397   8893   1410   6088      0   8312   6549   8437   4208   3903   5187   7323   9869   5898    259   7181 
  1355   1716   1370   6977   7345   2328    317   4246   7328   4737   8019   1300   4753   4777   6283   1839   2347   1636   9103   1943   6542   2422   7647   7570   5252   3040   2194   8721   6372   4552   3469   1716   3363   5502   7802   2510   7479   2210     67   5015   1550   9000   9621   4590   1672   7084   1286   3569   8312      0   1953    530   3454   9331   2467   2588   7634   9585   9306   3012 
  2064    405   2659   9783   2123   2296    372    917   6753   1864   1452   5157   3815   6926   6114   9602   6546   8423   6434   5200   8627   1105    684   4485   9530   4733   5587    389   3696   4165   1940   7426   5666   6011   4724   3779   2279   6925   9625   4710   7459    435   3087   2180   6019   1245   8003   8635   6549   1953      0   7556   3537   6664   1324   2523     46   2647   6469   9657 
  1455   3150   5076   8938   1688   4997   3437   7175   8696   7676   5311   1403   8264   5317   6981   1557   7780   6618   9773   2409   9128   5440   8443   7882   6779   3568   2697   8175    844   8625   4786   9173   1621   8839   8869   3563    812   2666   3566   2190   4206   4966   1822    378   2458   9485   5275   7726   8437    530   7556      0   6834   2209   6494   7068   1266   4853   6619    677 
  5722   6139   6354   1555   3433   3095   4314   3667    645   5881   5731   4423   4465   1466   2019   5970   2193   4695   5968   1732   7685    315   6337   4255   5801   9762   6077   5456    860   9817   1733   5060    658   8701   4633   7295    708   4300   8349   5120   7311   2597    430   5901   3064   2524     88   7277   4208   3454   3537   6834      0   4695   4295   8455   9335   8368   1079   8668 
  3569   8801   6576   6129   5834   2215   5991    938   4292   4748   1140   8557   3872    439   9329    498   2953   1350   7379   6347   2669   3568   3610    124   3329    874    521   9554   5308   7233   7322   4172   9517   7971   7233   8971   1162   8345   1254    519   7255   7793   6495   3173   9208   1603   4919   2097   3903   9331   6664   2209   4695      0    483   7111   3190     18   6515   6033 
  5926   1138   3736   5806   2074   1971    659   4890   5108   1134   6124   6066   3319   7592   2883   9827    644   9359   4472   6167   2764   2395   8298   1875   1522   6983   1771   2373    492   6071   6677   5847    561   2937   4475   9659   1335   1416   1445    438   4976   6799   7653    671   2887   7655   5964   1090   5187   2467   1324   6494   4295    483      0   6709   7990    708   6921   1584 
   219   9888    239   8121   5050   3428   5245    542   6777   2712   3763   7715    235   7881   2729   7184   6957   2870   6464   2568   3872   8939   4697   9870   4465    761   5432   7511    207   3913   7556    965   2524   4556   7772   5782   1800   8435    662   2196   5851   4010   4157   8613   3659    507   1023    895   7323   2588   2523   7068   8455   7111   6709      0    861   3511   8031   2394 
   215   3858   7286   3098    420   3538   3799   6530   9310   1704   3370   2347   4893   2701   6705   2278   4781   8166   1695    929    570   2449   2211   6816   7766   5952   7078   1005   1522   3902   7243   1221    345   6586   3654   5652   9868   8665   1927   5055   7229   4250   2085   6221   7521   1261   9825   7822   9869   7634     46   1266   9335   3190   7990    861      0   5513    811    556 
  1598   3400   3282   1142    843   9948   7725   5739   3909   4905   6388    791   4404   6823    531   3106   1640   9211   3592   2585   1655   1203   9150   6321   2729   4084   1632   4278   3247   5010   8713   7959   5093    587    757   7342   4337   9601   2067   6241   1021   5643   6209   1125   4575   6909   1878   6418   5898   9585   2647   4853   8368     18    708   3511   5513      0    713    506 
   563   2174   3545   6615   3397   3349    432   6912   8718   4070   4566   8414   8605   1160   9562   2834   1652   3732   9123    565   4990   8067   2706   8985   8470   2434   9532   9373   1755      4   8768   1446   9138   3810   6335   1241   7675   6068   7287   3041   6957   1830   4947    553   8121   7424   6321   7983    259   9306   6469   6619   1079   6515   6921   8031    811    713      0   7108 
  6703   8228   7867   2591    169   4865   3925   5591   5070    237   3388   4855    373   3055   7342   3601   3828   5454   8799   6765   2153   2731   4725   7550   3005   4271   2701   4093   1497   4022   4513    696   2541   8410   8370   1900    637   1484    649   5923   6421    756   1815   6072   5575    933   6622   5413   7181   3012   9657    677   8668   6033   1584   2394    556    506   7108      0 
