
     0     58      3     52     53     18     13     53     74      7     42     66     43     43     72     26     46      8     20     30     26     91     45     43     21     30     64     66     14     39     17     82     81     70     92     71     44     27     72      1     56     51     67     21     48      1     38      4     95     47     17     77     63     13     89     84     25     39      9     49     48     26      1     19     95     63     38     57     37     47     66     56      8     12     26      1     55     84     85      1 


 1000000   6109    954   9427    776   7600   5715    992   8634   3084    298   3037   9697   5552   2562   7242   5753   3650   1845   9813   3831   8064    261   2249   3332   5368   1734   1622   5418   4197   7609   1553   9087   8540   3436   2126   7791   6839   3328   1436   7198   4465   5259   8722   9182   5041   1375   3015   2478   8011   8553   2630   8484    228   7583   5123   9868   2373   3412   1800   5553   9491   5485   2131   6795   5996   7833   8116   6857   2758   6684   1186   9168   6596   9916   6798   1205   4281    400    364 


     0    237    302    818    111    546    674    170    848    571    236    595     53    686    718    447    470    609    404    501    423    770    535    156    909    244    373    521    324    628    114    237    490     44    243    423    891    578    387    583    830    274    540    192    775    463     64     25    960    908    151    669    804    880     63    618    559    187    147     42    452     99    947    552    625    832    705    404    596    779    554    258    528    662    196    452    979    700    260    477 
   237      0    326    107    593    374    333    191     41    842    254    376    432    916    216    408    490    217    416    850    319    202    850    408     41    270    368    173    820     59    778    525     83    180    799    468    401    829     71    158    999    135     40    798    968    519    250    239    101    373    350    820    797    530    872    561    321    604    737    341    166    800    157    905    747    421    399    620    938    800    674    797    521    991    644     83     79    326    894    561 
   302    326      0     21    454    703    109    432    481     32    896    366    538    256    726    234    841    977    257    246    228    381    391    262    984    227    853    801    644    412    616    887    915    805    627    273    358    434      5    490    247    575    522    759    540    166    980    165    895    249    667    627     94    236    531    845     71    132    906    809     70     97    594    380    690    793    971    651    447    119    442    483    127    895    939    412     92    560    123    622 
   818    107     21      0    611    855    674    544    250    243    158    684    410    500    269    124    707    790    965    791    711     93    412    394    826    739   1000     60    520    260    378     16    591    425    481    853    907    554    100    432    671    193    864    359    728     33     89    823     12    268    772    768    311    262    329    960    784     65    730    118    927    535    349    146    446    154    639    185    358    254    878     53    794    836    887    529    302     35     74    150 
   111    593    454    611      0     77     95    253    929     30      5    383    141    907    933     56    139    674    288    481    878     89    760    215    251    366    737    398     56    244    986    833    162    786    786    939    844    561    623    846    310    407    457    242    613    688    584    596    961    470    686    575    896    582    381    636    763    156    934    884     38    940    418    505     24    939    337    404    532     38    163     80    913    632    347    687    277    642    600    340 
   546    374    703    855     77      0      3    122    490    825    215    284    501    361     18    888     97    568     33    712    248    182     23    619    716     27     65    374    816    682    160    726    281    677    192    745    801    195    658    818    167    875    904     14    113    664    835    993    736    794    853    961    995    682    310    236    273    926    732     68    193    577    716    362    734    835    923    437    239    549     10    742    503    762    812     60    895    291    174    281 
   674    333    109    674     95      3      0    850    359    811    443    971    574    901    408    785    670     45    469    865     59    663    763    890    240    639    178    758    152    111    564    712    698    946    171    141    360    241    943    143    622    658    212    550     70    335    750    349    222    402      5    745     67    501    255    696    253    841    612    435    126    432    224    882      8    817    113    550    461    380    716    468    777    645    337    788    584    289    806    766 
   170    191    432    544    253    122    850      0    994    978    229    150    291    251    266    357    347    533    850    859    344    412    490    419    578    541    842    890    277    182    718    551     24    357    243    809    340    963    396    432    237      3     49     17    235    520    881    122    728    879     18    133     46    183    339    988    470     15    330    437    688    655    170    442    295    707    207    693    595    145    995    897    484    867    948    688    157    438    454    668 
   848     41    481    250    929    490    359    994      0    158    542    708    869    119     15    743     21    413    464    735    427    497    775    392    166    186    665    411    310    419    421    178    305    829    910     39    570    128    106    275    267    408     74    252    916    922    981    330    375    864   1000    957    885    429    659    811    797    471    529    783     41    908    515    625    951    818    909      8    581    247    486    905    896     86    523    892    913    185     14    830 
   571    842     32    243     30    825    811    978    158      0    337    288    234    361    624    850    222    953    831     38    933    988    503    701    848    564    558    666    863    174    878    430    786    284    299    804    549    165      8    558    740    523    234    265    111    328    418     53    690    449    195    503    284    603    825    183    806    156    891    761    658    151    125     65    631      7    475     14    865     72    310    614    309    620    101    378    627    427    549    972 
   236    254    896    158      5    215    443    229    542    337      0     86    753    580     43    875     53    924    113    193    834    696    330    236     16    501    187    171    666    469    619    790     77    992    568    733    605    290    220    942    968     91    465    129    699    936    671    502    120    677    443    784    686     41    160    312    311    421    752    860     62    753    635    424    110    187    559    270    896    134    941    162    724    351    862    399    225    257    854    567 
   595    376    366    684    383    284    971    150    708    288     86      0    156    748    773    321    627    864     43    490     42    362     85    233    544    393     86    473    393     91    202    594    904     10    252    278    209    426    311    998     92    685    173     80    148    315    624    411    950    534    332    149    231    763    260    963    564    163    554    144    507    585    646     74    251    446    424    613    679     95    433    447    443     67    213    275    376     65    439    457 
    53    432    538    410    141    501    574    291    869    234    753    156      0    776    290    386      1     90    573    169    415    677    154    630    806    879    612     73    321    107    118    183    267    577    478    771    233    799     17    567    826    862    646     27    730    324    248    124    365    846    532    731    371    263     55    740    328    848    630     30     90     22    856    364    224     84    932    237    986    674    406    218    352    539    771    674    466    920    395     26 
   686    916    256    500    907    361    901    251    119    361    580    748    776      0    784    360     57    403    135    634    812     39    189    217     54    986    826    817     83    813    694    126    771    940    578     73    872    326    635     78    111     35    149    266    594    577    240    620    190    392    152    375    139    521    920     81     88     57    944    524     99    933     46    367    652    635    578    991    480    887    234    448    680    960    849    614    132    823    939    691 
   718    216    726    269    933     18    408    266     15    624     43    773    290    784      0    650    277    835    727    451    462    384    449    725    277    829    446    628    134    429    383    636    997    968     83    998    456     40    526    896    947    435    873    895     93    970    211    948    109     15    204    487    144    499     69    915    159    281    542    270    942    323    319    404    900    426    829    685    874    274    929    243    414    193    500    643    721    201      6    551 
   447    408    234    124     56    888    785    357    743    850    875    321    386    360    650      0     31    212    526    686    409    514    705    122    751    518    597    221     54    536    233    318    312    149     86    333    707    488    741    440    425    548    883    562    157    833    916    992    385    196    412    809    937      8    312    322    131      3    221    828    286    381    645    253    948    922    815    502    363    738    785    996    240    448    407    436    303    672    696     42 
   470    490    841    707    139     97    670    347     21    222     53    627      1     57    277     31      0    434    153    790     44    582    340    304    555    744    891    680    587    734    607     94    150    342     54    526    178     84    236    902    376    767    257    668    197    172     25    116    256     86    958    581    177    591    475    118    266    958    478     68    868    778    188    859    351     53    993    384    499    287    424    842    113    556     31    255    376    511     87    409 
   609    217    977    790    674    568     45    533    413    953    924    864     90    403    835    212    434      0    876    448    184    640    142    215    986    374    245     61    305    577    916     81    705    130    100    181    430    382    473     59    179     98    974    634    521    689    207    901    104    552    204    717     92    649     26    267    394    712    236    710    607    229    848    590    794    666    763    576    477    888    710    385    601    180    684    841    892     43    246    929 
   404    416    257    965    288     33    469    850    464    831    113     43    573    135    727    526    153    876      0    101    259     59    842    640    837    509     11    936    958    499     37    311    421    209    811    700    587     53      9    211     99    242    916    402    506    312     49    832     43    197    745    988    159    768    865    752    643    703    102     72    957    357    542    761    934    141    256    167    581    363    344    130     37    978    757    344    793    884    939    893 
   501    850    246    791    481    712    865    859    735     38    193    490    169    634    451    686    790    448    101      0    243    637    501    451    170    620    302    770    502    313    203    868    461     93    200    545     93    935    276    101    800    703    919    419    656    700    127    523    217    661    949    149    743    297    190    232    679    689     36      6    504    196    257    449    799    225    802    116    606    481    227    187    584    492    718    238    182    786    420    365 
   423    319    228    711    878    248     59    344    427    933    834     42    415    812    462    409     44    184    259    243      0    869    971    328    260    579     55    809    958    257    565    150    464    842    806    216    266    204     58    165      3      3    817    747    609     15    935    646    713    498    595    974    351    131    376     79    240    610    110    915    756    770     70     94    562    811     23    145    829    377    689    198    766    474    410     36    991    914     25    251 
   770    202    381     93     89    182    663    412    497    988    696    362    677     39    384    514    582    640     59    637    869      0    834     36    252    750    294    850    673    850    135    798    643     74    639    996     93    794    969    532    602    115    977     36    893    734    320    755     47    299    456    844    716      5    836    881    865    654     59    338    450    932    513    656    599    407    117    452    481    267    489    227    172    927    156    639    514    525    165    963 
   535    850    391    412    760     23    763    490    775    503    330     85    154    189    449    705    340    142    842    501    971    834      0    941    579    460    553    750    301    203    671    860    488    568    646    804    262    189    626    630    601    867    396    317    282    898    777    510    495    315    556    905    245    770     37    902    925    790    532    380    453      2    697    813    725    902    291    516    976    565    702    259     67    510    105     26    974    940    333    991 
   156    408    262    394    215    619    890    419    392    701    236    233    630    217    725    122    304    215    640    451    328     36    941      0    740     10    171    657    213    852    301    891    668    285     14     95    421    824     77    451     11     91    252    261    853    564    256    160    334    105    487    159    850    499    701    142    420    127    890    594    224    988    899     19    977    118    415    172     86    678    754    376    384     50    527    567    148    526    761    605 
   909     41    984    826    251    716    240    578    166    848     16    544    806     54    277    751    555    986    837    170    260    252    579    740      0    658    214    747    444    889    983    792    637    744    333    473    329    887    281    634    272    475    792    725    125    249    538     51     62    334     25    302    856    655    484    242    739    133    729    554    456    993    661     63     28     38    899    806    265    286    248    581    954    173    865     15    978    358    799    668 
   244    270    227    739    366     27    639    541    186    564    501    393    879    986    829    518    744    374    509    620    579    750    460     10    658      0    579    189     38    501    958    471    440    654    133    582    149     38    392    154     50    906    736    631    429    131    210    703    823    470    627    812    225    479    990     58    822    857    981    559    998    791    765    510     90    502    233    665    752     73    130    394    358    984     60    137    306    985    867    235 
   373    368    853   1000    737     65    178    842    665    558    187     86    612    826    446    597    891    245     11    302     55    294    553    171    214    579      0    185    857    620    418    540    944    212    363    663    247    362    338    313    302    683    882    269    394     83    325    147    273    611    549    209    616    445    730    518    369    342    730    654    954    690    851    636    256    203    763    517    570    244    702   1000    352     76    622     56    315    150    789    274 
   521    173    801     60    398    374    758    890    411    666    171    473     73    817    628    221    680     61    936    770    809    850    750    657    747    189    185      0    884     16    378    476    224    490    866    833    470    534    406    796    969     18    428    290    171    760    559    377    384     24    111    130    830    374    681    225     78    225    566    850    278     34    388    167    501    389    285    627    772    851    401    591    317    833    851    991     17    191     85    100 
   324    820    644    520     56    816    152    277    310    863    666    393    321     83    134     54    587    305    958    502    958    673    301    213    444     38    857    884      0    625    971    863    106    259    965    108    520    597     78    449    756    185    314    628    265    352    486     11    605    666    214     52    992    242     64    556    900    307    592     40    514    333    229    983    385    177    748    252    823    165    800    791     93    351    847    173    440    227      1    627 
   628     59    412    260    244    682    111    182    419    174    469     91    107    813    429    536    734    577    499    313    257    850    203    852    889    501    620     16    625      0    251    564    503    340     88    258    515    260    617     21     19    492    136    649    367     59     31    589    689    449    709    626     77    227    850    539    584    191     60    404    302    722    381    340    214    615    494     89    587    518    241    876    592    984    180    264    276    235    163    518 
   114    778    616    378    986    160    564    718    421    878    619    202    118    694    383    233    607    916     37    203    565    135    671    301    983    958    418    378    971    251      0    713    617    277    753    579    401    793    425    261     48    735     93    631    723    418    332    976    424    238    730    831    890    481    781    114    704    102     77    551    666    679    894    255    487    488    872     15    792     17    423    300    753    940    501    105    786    286    172     33 
   237    525    887     16    833    726    712    551    178    430    790    594    183    126    636    318     94     81    311    868    150    798    860    891    792    471    540    476    863    564    713      0    792    490    835    672    943     99    935    177    762    226    984    106     64     83    944    987    990    548    132    525    161    230    966    462    238    120     43    712    904     71    852     35    279    219    156    239    359    911    727    713    913    839    260      6    702    211    528    645 
   490     83    915    591    162    281    698     24    305    786     77    904    267    771    997    312    150    705    421    461    464    643    488    668    637    440    944    224    106    503    617    792      0    701     81     62    120   1000    911    674    746     82    688    128    594    352    358    930    977    474    978    722    150    825    343      8    507    555    480    834    466    305    954    355    201    394    679    846    686    193    876    631    384    335     26    378    316    413     66    156 
    44    180    805    425    786    677    946    357    829    284    992     10    577    940    968    149    342    130    209     93    842     74    568    285    744    654    212    490    259    340    277    490    701      0    808     59    123    767    835     34    874    649    241    840    825    186    851    989    256    765    586    210    352    664    259     75    992    216    397    140    105    683    491    206    167     19    269    189    593    799    936    240     37    705    553    733    242    621    848    878 
   243    799    627    481    786    192    171    243    910    299    568    252    478    578     83     86     54    100    811    200    806    639    646     14    333    133    363    866    965     88    753    835     81    808      0    670    118     72    212     78    630    748    540    735    718    766    117    245     38    154    858    794    747    613    111    128    707     76    533    698    975     41    676    623    653    569    822    527    961    614    940    527    958    215     44    635    165    813    251     79 
   423    468    273    853    939    745    141    809     39    804    733    278    771     73    998    333    526    181    700    545    216    996    804     95    473    582    663    833    108    258    579    672     62     59    670      0     94    495    498     27    757    771    825    330    755     30    456     51    997    369    476    446    514    999     64    764    133    232     22     65    136     37    325    278    328    266    450    484    327    574    652    110    208    298    145    326    760    613    667    348 
   891    401    358    907    844    801    360    340    570    549    605    209    233    872    456    707    178    430    587     93    266     93    262    421    329    149    247    470    520    515    401    943    120    123    118     94      0    773    988    418    988    648    278    577    376    111    181    287    471    584    578    128    580    720    193    545     31    314     51     15    786    274    428    358    103    916    347    828    170    771    755    877    113    769    136    338    685    215    952    206 
   578    829    434    554    561    195    241    963    128    165    290    426    799    326     40    488     84    382     53    935    204    794    189    824    887     38    362    534    597    260    793     99   1000    767     72    495    773      0    771    546    239    311    510     37    347    286    535    184     10    679    682     41    183    676    173    520    625    886    153    196    869    980    207    246    183    717    793    125    823    453    408    372    130    186    923    442     97    346    678    273 
   387     71      5    100    623    658    943    396    106      8    220    311     17    635    526    741    236    473      9    276     58    969    626     77    281    392    338    406     78    617    425    935    911    835    212    498    988    771      0    411    183    204    612    823    677    185    248    440     70    265    996    488    670    626    277      6    257    687     92    587     65    517    235    678    901    900    670    942     43    106    190    811    906    366    831    394    414    484     47    210 
   583    158    490    432    846    818    143    432    275    558    942    998    567     78    896    440    902     59    211    101    165    532    630    451    634    154    313    796    449     21    261    177    674     34     78     27    418    546    411      0    170    803    309    112    362    311    436    959    895    131   1000    991    557    927    965    739    887    681     86    999    616    439    369    191    234    682    453    179    310    935    798    949    536    121    285    369    395      5    847    825 
   830    999    247    671    310    167    622    237    267    740    968     92    826    111    947    425    376    179     99    800      3    602    601     11    272     50    302    969    756     19     48    762    746    874    630    757    988    239    183    170      0     19    943    303    853    535    710    939     42    857    731    800    791    949    988    454    410    388    551    526    696    983    990    208    824    523    902    265    229    753    865    290    257    853    826     91    221     79    805    915 
   274    135    575    193    407    875    658      3    408    523     91    685    862     35    435    548    767     98    242    703      3    115    867     91    475    906    683     18    185    492    735    226     82    649    748    771    648    311    204    803     19      0    911     88    953    660    183    847    480    362    197    872    704    287    804    146    348    809    150    495    162    883    452     63    187    371    616    905    985     23    382    362    394    755    377    582    197    532    275    591 
   540     40    522    864    457    904    212     49     74    234    465    173    646    149    873    883    257    974    916    919    817    977    396    252    792    736    882    428    314    136     93    984    688    241    540    825    278    510    612    309    943    911      0    612    110    156    644     95    989    768    262    954    236    840    926    417    408    201    874     69    522     26    966    231    947    687    584    354    142    512    180    475    193    124    277     50     97     42    330    394 
   192    798    759    359    242     14    550     17    252    265    129     80     27    266    895    562    668    634    402    419    747     36    317    261    725    631    269    290    628    649    631    106    128    840    735    330    577     37    823    112    303     88    612      0     72    196    161    614     55    958     23    344    401    983    213    192    105     42    111    984    621    446    761    253    142    370    560    577    161    133    475    322    822    483      6    941    442    376    597    383 
   775    968    540    728    613    113     70    235    916    111    699    148    730    594     93    157    197    521    506    656    609    893    282    853    125    429    394    171    265    367    723     64    594    825    718    755    376    347    677    362    853    953    110     72      0    828    716    828    676    890    262    917    763    481    919    975    612    372    479    829     76    922     48    576    624    971    659    677    483    334    257    310    514    297    663    243    730    499    926    113 
   463    519    166     33    688    664    335    520    922    328    936    315    324    577    970    833    172    689    312    700     15    734    898    564    249    131     83    760    352     59    418     83    352    186    766     30    111    286    185    311    535    660    156    196    828      0    644     87    293    579    403    217    958    474    197    995    121    200     54    751    347    195    791     68    298    743    274    614    739    163    392    748    923    697     95    940    548    764    368    225 
    64    250    980     89    584    835    750    881    981    418    671    624    248    240    211    916     25    207     49    127    935    320    777    256    538    210    325    559    486     31    332    944    358    851    117    456    181    535    248    436    710    183    644    161    716    644      0    841    156    427    879    609    533     45    192    495    932    834    449    663    667    138    470    710    731    305    194    732     46    462    645    704    921     55    744    694    395     18    274    907 
    25    239    165    823    596    993    349    122    330     53    502    411    124    620    948    992    116    901    832    523    646    755    510    160     51    703    147    377     11    589    976    987    930    989    245     51    287    184    440    959    939    847     95    614    828     87    841      0    254    118    240    472    636     71    960    957    171    481    766    270    249    672    550    236    344    259    705    359   1000    390    855    896    355    265    715     71    183     98    395    726 
   960    101    895     12    961    736    222    728    375    690    120    950    365    190    109    385    256    104     43    217    713     47    495    334     62    823    273    384    605    689    424    990    977    256     38    997    471     10     70    895     42    480    989     55    676    293    156    254      0    952    176     67    299    103    243    762    823    819    579      3    587     34    115    253    836    485    406    160    721    241    725    158    626    807    137    203    537    584    889    486 
   908    373    249    268    470    794    402    879    864    449    677    534    846    392     15    196     86    552    197    661    498    299    315    105    334    470    611     24    666    449    238    548    474    765    154    369    584    679    265    131    857    362    768    958    890    579    427    118    952      0    877    419    995    787    439    709    139    246    753    143    855    561    910    124    138    710    877    422    261    397    967    930    517    349    253    282    711    939    103    342 
   151    350    667    772    686    853      5     18   1000    195    443    332    532    152    204    412    958    204    745    949    595    456    556    487     25    627    549    111    214    709    730    132    978    586    858    476    578    682    996   1000    731    197    262     23    262    403    879    240    176    877      0    556    190    344    579    936    204    112     63    835    802    363    886    727    499    685    176    570    795    513    901    757    355    392    404    425    241    651    153    614 
   669    820    627    768    575    961    745    133    957    503    784    149    731    375    487    809    581    717    988    149    974    844    905    159    302    812    209    130     52    626    831    525    722    210    794    446    128     41    488    991    800    872    954    344    917    217    609    472     67    419    556      0    478    372     35    765    333    451    445     55    946    244    336    295    113     58    329    306    147    231    582    746    844    410    481    795    354    444    114    439 
   804    797     94    311    896    995     67     46    885    284    686    231    371    139    144    937    177     92    159    743    351    716    245    850    856    225    616    830    992     77    890    161    150    352    747    514    580    183    670    557    791    704    236    401    763    958    533    636    299    995    190    478      0      6    482    546    441    480    102    692     69    763    483    229    823    193    527    705    258    498    202     58    950    215    741    121    603    935     24    749 
   880    530    236    262    582    682    501    183    429    603     41    763    263    521    499      8    591    649    768    297    131      5    770    499    655    479    445    374    242    227    481    230    825    664    613    999    720    676    626    927    949    287    840    983    481    474     45     71    103    787    344    372      6      0    246    538    997    962    601    661    364    125    481    981    475    461     72    510    513    787    681    331    188    630     73    291    949    752    156     70 
    63    872    531    329    381    310    255    339    659    825    160    260     55    920     69    312    475     26    865    190    376    836     37    701    484    990    730    681     64    850    781    966    343    259    111     64    193    173    277    965    988    804    926    213    919    197    192    960    243    439    579     35    482    246      0    281    750    138    333     44    108    845    155    692    966     12    136    985    581    716    121    718    767    158    903    572    898     39    745    666 
   618    561    845    960    636    236    696    988    811    183    312    963    740     81    915    322    118    267    752    232     79    881    902    142    242     58    518    225    556    539    114    462      8     75    128    764    545    520      6    739    454    146    417    192    975    995    495    957    762    709    936    765    546    538    281      0    854    141    293    240      9    389    347    345     91    951    597    121    713    847    831    151    148     99    100    987    697    373    314    761 
   559    321     71    784    763    273    253    470    797    806    311    564    328     88    159    131    266    394    643    679    240    865    925    420    739    822    369     78    900    584    704    238    507    992    707    133     31    625    257    887    410    348    408    105    612    121    932    171    823    139    204    333    441    997    750    854      0    770     41    179    480    263    170    474    934    234    920    318    698     74    810    341     23    666    147    473    244    809    926    742 
   187    604    132     65    156    926    841     15    471    156    421    163    848     57    281      3    958    712    703    689    610    654    790    127    133    857    342    225    307    191    102    120    555    216     76    232    314    886    687    681    388    809    201     42    372    200    834    481    819    246    112    451    480    962    138    141    770      0    868     92    625    686    804    733    544    456    131    740    321    317    122    225    424    659      9    802    198    373    289    664 
   147    737    906    730    934    732    612    330    529    891    752    554    630    944    542    221    478    236    102     36    110     59    532    890    729    981    730    566    592     60     77     43    480    397    533     22     51    153     92     86    551    150    874    111    479     54    449    766    579    753     63    445    102    601    333    293     41    868      0    270    172    279    389    990    896     86    117    447    441    936    388    681    322    104     37    565    442    783    678     97 
    42    341    809    118    884     68    435    437    783    761    860    144     30    524    270    828     68    710     72      6    915    338    380    594    554    559    654    850     40    404    551    712    834    140    698     65     15    196    587    999    526    495     69    984    829    751    663    270      3    143    835     55    692    661     44    240    179     92    270      0    312    512    329    459    268     59    705    816    924    659    592     38     60    504    456    969    369    387    449    469 
   452    166     70    927     38    193    126    688     41    658     62    507     90     99    942    286    868    607    957    504    756    450    453    224    456    998    954    278    514    302    666    904    466    105    975    136    786    869     65    616    696    162    522    621     76    347    667    249    587    855    802    946     69    364    108      9    480    625    172    312      0    139    321    461    414     71     67    157    189    545    715    145     77     71    284    761    456    923    678    373 
    99    800     97    535    940    577    432    655    908    151    753    585     22    933    323    381    778    229    357    196    770    932      2    988    993    791    690     34    333    722    679     71    305    683     41     37    274    980    517    439    983    883     26    446    922    195    138    672     34    561    363    244    763    125    845    389    263    686    279    512    139      0    502    457    799    866    180    606    411    515    457     31    120    368    296     41    691    745    747     11 
   947    157    594    349    418    716    224    170    515    125    635    646    856     46    319    645    188    848    542    257     70    513    697    899    661    765    851    388    229    381    894    852    954    491    676    325    428    207    235    369    990    452    966    761     48    791    470    550    115    910    886    336    483    481    155    347    170    804    389    329    321    502      0    660    840    692    139    904    538    747    242    304     79     14    520    502    519    485    645    103 
   552    905    380    146    505    362    882    442    625     65    424     74    364    367    404    253    859    590    761    449     94    656    813     19     63    510    636    167    983    340    255     35    355    206    623    278    358    246    678    191    208     63    231    253    576     68    710    236    253    124    727    295    229    981    692    345    474    733    990    459    461    457    660      0    692     75    237    412    883    606     38    770    531     96    287    761    955    766    686    813 
   625    747    690    446     24    734      8    295    951    631    110    251    224    652    900    948    351    794    934    799    562    599    725    977     28     90    256    501    385    214    487    279    201    167    653    328    103    183    901    234    824    187    947    142    624    298    731    344    836    138    499    113    823    475    966     91    934    544    896    268    414    799    840    692      0    201    658    979    649    431    477     42    399    867    976    610    875    861    323    178 
   832    421    793    154    939    835    817    707    818      7    187    446     84    635    426    922     53    666    141    225    811    407    902    118     38    502    203    389    177    615    488    219    394     19    569    266    916    717    900    682    523    371    687    370    971    743    305    259    485    710    685     58    193    461     12    951    234    456     86     59     71    866    692     75    201      0    307    370    621    206    245    774    452    564     58    791      5    116    945     92 
   705    399    971    639    337    923    113    207    909    475    559    424    932    578    829    815    993    763    256    802     23    117    291    415    899    233    763    285    748    494    872    156    679    269    822    450    347    793    670    453    902    616    584    560    659    274    194    705    406    877    176    329    527     72    136    597    920    131    117    705     67    180    139    237    658    307      0     58    933    240    551    750    645    677     65    139    770    462    247     48 
   404    620    651    185    404    437    550    693      8     14    270    613    237    991    685    502    384    576    167    116    145    452    516    172    806    665    517    627    252     89     15    239    846    189    527    484    828    125    942    179    265    905    354    577    677    614    732    359    160    422    570    306    705    510    985    121    318    740    447    816    157    606    904    412    979    370     58      0    847     11    955    907    934    107    949    413    419     72     72    531 
   596    938    447    358    532    239    461    595    581    865    896    679    986    480    874    363    499    477    581    606    829    481    976     86    265    752    570    772    823    587    792    359    686    593    961    327    170    823     43    310    229    985    142    161    483    739     46   1000    721    261    795    147    258    513    581    713    698    321    441    924    189    411    538    883    649    621    933    847      0    416    770    645    407     43    260    990    263    946    447    573 
