
     0     87      1     11     93     20     72     30     24     41     31     25      6     42     24     46     19     79     59     98     66     68     31     48     74      5     12     23     25     19     76      6     61     81     28      4     57     45     19      3     10     29     47     64     46     36     36     61     37     97     46    100     26      8     18     79     28      2     45     58     66     58     91     98     34     42     61     61     64     46     31     95     40     14     39     35     73     44     35     27 


 1000000     99     11     66     82     89     50     85     81     12     95     62     31     61     82     22     69     13     28     37     59      1     20     19      5     89     88     25     61     33     13      7     11      8     73     17     19     80     17     13     17     73     18      4      4     85     39     18     53     21     41     17     61     53     56     60     69     16     50     16     10     71      6     58     54     31     60      8     17     48      7     85     84     35     43     70     68     84     23     26 


     0    819    493    311     74    694    875    866     83    152    982    706    227    983    456    827    637     58     69     78    381    207    478    193    266    141    797    630    393    137    354    164    408    313    434    781    871     88     96    150    912     56     34    229    429    881    238    858    585    256    107    846    241    858    448    659    418    773    171    183    288    660    207    386    566    332    458    733      9     62    965    188    126    292    619    258     86    846    981    483 
   819      0     36     79    426    593    194    796    125    180    562    776    953    621     50     51    646    736    471    544    264    793    538    916    131     84    269    139    417     88     23    824     93    620    537     44    142    295     17    902    582    395    706    361    321    229    421    752     34    196     43    312    104    181     68      5    259    179    531    739    655    166    900     92    170    147    278     84    469    971    156    280    801    452    498    708    106     60    425    429 
   493     36      0    754     92    575    415    608    824    217     13    204    154     22    480    219    533    383    813    102    730    649    823    175     69    228    198    783    460    512    413    245    423    647    633     96    432   1000    601    507    966    437    236    114    650    499    442     94    935    975    650    414    826    409    132    681    464    416    421    993    592    965    489    222    225    233    417    649    841    176    310    637    451    466    190    770    544    193    400     92 
   311     79    754      0    440    909    320    647    846    512     22    234    796     12    326    637    258    270    192    175    415     57    718    184     74    881    399    656    379     46    831    525    501    149    819    405    987    254    426    361    271    837    749    184    963     39     65    385    100    489    476     71    477    829    249    217    951     92    249    604    338    205    339    642    696    442    582    772    944     88    625     24    985    906    986    982    908    804    952    646 
    74    426     92    440      0    275    603    706    255    662    268    333    449     82    876    824    622    176     82     57    125    820    961    818    313    273     44    352    125    767    886    823    460    998    173    250     19      6    961    220    897    647    204    347    153    309    778    891    679    784    547    272    995    518     69    795    802    368    321    647    614    525    142    593    275    477     19    658    118    194    388    770    270    984    645    999    236    712    262     77 
   694    593    575    909    275      0    120    480    753    712    186    781    777     27    288    215    119    886    906    511    240     49    909    460     51     99    300    808    355     79    749    373    712    498    621    882    607    257    117    453    135    882    923      3    736    722    473    676    649    219    435    208    279    188    223    215    264    384    831    777    251    286     89    114    808    214    696    923    398    999    221     47    243     64     66    921     76    225    609     40 
   875    194    415    320    603    120      0    231    129    544    616    668    594    736    603    377     98    995     92    837     51    592    208    621    572    590      4     34    284     87    922    803    702    323    230    740    130    604    916    195    983    869    967    905    925    960    192    506    713    816    429     70    899    218    425    845    774    620    697    113     66    193    168    931    464     36    691    424    723    193    616    154    372    237      5    133    706    340    593    938 
   866    796    608    647    706    480    231      0    923    784    803    383    323    475    514    733    354    395    642    876    714    120    300    473    903    563    747    466    981    210    774    725    495    212    988    248    150    149    120     76    309    575    190    745    510    526     99    375    177    713    267    489    844    554    154    833    349    729    904    853    299    317    449    640    160    547    238    681    996    205    407    605    505    435    801    880    616    362    122    591 
    83    125    824    846    255    753    129    923      0    716    836    959    590    485    833    717    978     18    821    631    491     41    110    575    361    227    567    205    172    291    815     70    217    754    969    188    155    213     75    231    485    220    489    339    357     86    847    572    326    349    865    458    207    263    177    683    187     61    229    513    997    437    728    490    165    799    352     32    858    843    858    670    996    718    969    371    270    340    311    283 
   152    180    217    512    662    712    544    784    716      0    962    219    632    152    197    993     40      6    145    907    231    635    183    420    901    753    261    990    223    187    924    462    733    556     72    400    654    700    352    356    593    181    426    176    354    441    410    119     49    823    377    621    566    666    127    195    116    817     45     11    855    358    206    999     97    434    218    233     44    762    373    938    168    576    538    761    728    390    885    607 
   982    562     13     22    268    186    616    803    836    962      0    376    115    478    282    861    381    145    688    260    517    173    598    646    867    206     72    730    170    224    238    998    225    473    133     57    823    957    184    190     28    859      8    851    460    878    855     36    620    755    242    768    558     31    542     73    722    622    996    958    331    886    768    945    102    991    577    660    257    625     93    644    892    214    842    576    587    569    356    200 
   706    776    204    234    333    781    668    383    959    219    376      0    460    563    166      5    796    562    243    738    717     74    499    489    806    560    784    949    256    910    980     35    257    213    361    731    756     33    600    862     99    548    137    477    488    929    188    166    963    996    154    325    434    549    832    853    636    162    747    368    723    582    916    233    628    505    469    835    736    485    189     15     25    373    325    182    528    302    283    268 
   227    953    154    796    449    777    594    323    590    632    115    460      0    663    119    783     86    692    234    834    240      9    168      4    299    944    386    652    516     49    293    507    526     75    496     37    274    161    332    207     89    191    332    838    432    926    726    969    462    268    237    142    385    265    230    680    475    148    240    700    418    627    928    339    115    915    358    885    151    561    101     21    272    325    313    384    159    104    448    883 
   983    621     22     12     82     27    736    475    485    152    478    563    663      0    912      4     35    256    406     64    667    505    476     76    813    988    852    235    214    165    654    799      7    268    366    875    812    163    434    290     12    249     50    975    647    473     81    255     24    923    243    495    528    713    239    707    420    863    832    279    899    959    659    338    855    420    359     74    430    809    129    232     14    625    534    914    520    848     80    611 
   456     50    480    326    876    288    603    514    833    197    282    166    119    912      0    354    581    217    793    423    698    271    804    744    191    476    657    353    857    387    101    683    711     56    832    931    743    265    259    654    948    418    724    547    342     34    895    990    363    474    240    688    632    267    370    941    427      5    524    615    499    559    446    915    480    376    697    125    524     48    266    634     72    334    804    939    896    813    999    817 
   827     51    219    637    824    215    377    733    717    993    861      5    783      4    354      0    539    818    375     53    465    388    193    538    824    740    798    450    128    636    518    451     37    898     90    274    322    867    382    303    545     19    981    297    784    917    494    195    182    322     56    700     32    533    745    536     52    107    384    910    769    268    147    559    384     22     30     32    360    133    805    760    158    585    123    675    333    420    572    854 
   637    646    533    258    622    119     98    354    978     40    381    796     86     35    581    539      0    947    717    460    370    496    342    117    749    919    355    778    606    775    843    501    428    663    532    240    782    916    717    412    921    566    974     82    685    200    582    552    167     15    836     25    642    250    921     80     21    480    392     76    706    386     46    434    448    262     33    761    469    598    957    868    174    949    227    305    779     99    403     95 
    58    736    383    270    176    886    995    395     18      6    145    562    692    256    217    818    947      0    260    259     60    506    546    119    838    918     11    761    949     77    112     66    194    863     96    263    790    787     40    346    653    353    278    348    767    112    136    351    348    376     72    414    704    256    505    157    404    704    130    649    307    624    561    161    623    664    881    160     60    661    560    155    347    834    188    601    563    697    774     53 
    69    471    813    192     82    906     92    642    821    145    688    243    234    406    793    375    717    260      0    623    525     19     15    630    332    393     23    667    470    601    831    680    539     71     76    408    501    572    976     35    876    267    627    598    959     58    414    520    683    438    360    620    188    885     13    528    387    920    986    867    588    403    856    830    690    947    265    813    552    243     38    286    970    792    865    153    720    859    736    811 
    78    544    102    175     57    511    837    876    631    907    260    738    834     64    423     53    460    259    623      0     11    712    307     27     73    927    221     20    949    806     90    981    114    156    243    898    923    498    518    119    505     59    752    377    736    770    858    945    790    309    378    992     50    462    988    442    572    495    532    998    695    603    436      5    616    127    205    129    852    870    953    793      8    386    662     84    735    843    647    202 
   381    264    730    415    125    240     51    714    491    231    517    717    240    667    698    465    370     60    525     11      0    629    776    230    995     42    838    272    202    419    690    419    736    176    596    733    123    449    227    924    593     71    493    745    322     49    677      8    178    233    491     53    340    766    991    488    305    103    272    360    941    751    430    882    162    818    183     18    982    481    565    996    737    496    804    674    654     25    417    441 
   207    793    649     57    820     49    592    120     41    635    173     74      9    505    271    388    496    506     19    712    629      0    915    643    477    781    514    132    166    152     58    500    481     60    924    328    104     61    201    471    937    833    246    816    174    989    114    743     74     23    927    670    905    416    271    426    291     36    898    725    152    633    942    372     18    236    160    309     26    339    986    309    100    601    491     69    452    164    823    198 
   478    538    823    718    961    909    208    300    110    183    598    499    168    476    804    193    342    546     15    307    776    915      0    306    683    571    958    636    695    153    743    541    185     22     54    171    486    300    734    887    528    227    202    154    241    923    207    363    803    140    366    273    918    620    781    340    152    929     95    307    117    295    630    114     97    542    865    921    509     25    748    209    463     59    192     89    260     72     85    259 
   193    916    175    184    818    460    621    473    575    420    646    489      4     76    744    538    117    119    630     27    230    643    306      0    971    696     71    880    175    364    900    297    152     83    801    981    830    533    997    352    970    746    414     20    470    664    454    109    620    610    807    632    136    769    565    324    248    233    887    714    274    739    667    584    121    409    307    641     59    806    627    264     58    664    746    177    556    314    761    995 
   266    131     69     74    313     51    572    903    361    901    867    806    299    813    191    824    749    838    332     73    995    477    683    971      0    356    849    259    230    195    556    144    377    275     14    649    307    244    807    346    613    890    195    909    196    892    154    453     35    499    789    866    300     89    728    732    113    638    936    823    972    840    525    193     76    857    594    530    219    534    181    521    631      6    191    310    749    384    720    283 
   141     84    228    881    273     99    590    563    227    753    206    560    944    988    476    740    919    918    393    927     42    781    571    696    356      0    687    211    911    843    773    472    930     25    439    762    490    734    424    780    316    956    807    299    886    219    826    114    406    478    172    792    168    553    496    564    474     75     77    885    449    429     69    412    879      3    784    802    152    738    520    529    781    274     70    236    373    361    977    816 
   797    269    198    399     44    300      4    747    567    261     72    784    386    852    657    798    355     11     23    221    838    514    958     71    849    687      0    299    101    773    350    357    364    109    318    316    105    517    101    397    440    586    143     80     70    690    441    747    647    115     12     42    244    541    913      5    667    893    444    331    871    810    391    456     87    627    613    144    633    156    491    382    206    640    314    697    614    812    140    844 
   630    139    783    656    352    808     34    466    205    990    730    949    652    235    353    450    778    761    667     20    272    132    636    880    259    211    299      0    231    986    296    599    179    563    351    639    530    989     45    526    974    111    676    178    196    565    723    511    237    146     20     47     12    748    821    440     63    536    518     26    773    277    248     58    924    209    903    982    961    326    531    837    190    171    580    149    229    527    723    347 
   393    417    460    379    125    355    284    981    172    223    170    256    516    214    857    128    606    949    470    949    202    166    695    175    230    911    101    231      0     92    757    151     54    213    516    420    122    276    805    147    789     68    886    874    848    367    282    253    820    102    166     60    490    174    662    251     11    790    595    550    136    630    433    789    251    119    304    115    214    982    848    754    370    421    799    317    778    547    250    415 
   137     88    512     46    767     79     87    210    291    187    224    910     49    165    387    636    775     77    601    806    419    152    153    364    195    843    773    986     92      0     65    434    858    759     92    457    367    447    147    164    218    939    458     52    284     61    676    107    839    881    734     61    453    850     20    375    205    523    758    656    484    184    707    951    507    617    350    270    801    426    127    150    319    938    555    706    598    701    658    235 
   354     23    413    831    886    749    922    774    815    924    238    980    293    654    101    518    843    112    831     90    690     58    743    900    556    773    350    296    757     65      0    494    553    803    992    691    273    182    536    933    576    803     31     18    960    862    607    307    147    351    612     40    608    540    333    636    667    213    369    499    500    714    628    561    767    920    403    639    192    314    470    737    253     29     58    619    197    727    143    927 
   164    824    245    525    823    373    803    725     70    462    998     35    507    799    683    451    501     66    680    981    419    500    541    297    144    472    357    599    151    434    494      0    278      9    741    993    915    161    535    938    113    600    692    670    577    380    645    809    745    411     72    936    834    785    255    568     23     99    375     58    683    346    813    405    632     61    233     26    598    782    366    806    229    985    199    803    386    102    156     99 
   408     93    423    501    460    712    702    495    217    733    225    257    526      7    711     37    428    194    539    114    736    481    185    152    377    930    364    179     54    858    553    278      0    232    258    928     55    755    980    480    468    325    613    391    221    535    949    105    700    524    625    261    891    793    108    396    573    663    187    734    147    433    343    546    213    664    438    942    647    563     28    247    955    568    715    494    446    371    679     21 
   313    620    647    149    998    498    323    212    754    556    473    213     75    268     56    898    663    863     71    156    176     60     22     83    275     25    109    563    213    759    803      9    232      0    969    236    199    427    521    863    411    258    387     31    957    398    960    554    583    708    129    897    414    791     30    479    242    169    915     24    656    391    186    248    248    349    462    192    827    483    235     52    600    546    426     90    319    336     58    643 
   434    537    633    819    173    621    230    988    969     72    133    361    496    366    832     90    532     96     76    243    596    924     54    801     14    439    318    351    516     92    992    741    258    969      0    937    775    750    476    644     25    974    497    231     96    708    210    340    218    899    170    556    115    457     62    212     51     85    936    878    364    680    842    504    844     95    645    537    664     69    640    243    343     86    946    238    941     63    337    220 
   781     44     96    405    250    882    740    248    188    400     57    731     37    875    931    274    240    263    408    898    733    328    171    981    649    762    316    639    420    457    691    993    928    236    937      0    154    326    303    967    579    767    485    326     78    402    318    634    883    615    981    465     90    900    392    810    531    829    876    874     42    703    206    800    301    631    583    575    633     46    590    863    789    961    963     77    489    636    436    999 
   871    142    432    987     19    607    130    150    155    654    823    756    274    812    743    322    782    790    501    923    123    104    486    830    307    490    105    530    122    367    273    915     55    199    775    154      0    231    343    620    362    670    970    492    538     41    145    807    132    569    998    822    640    838    983    547    619    136     90    306    536     30    974    520    196    530    409     30    844    496    621    839    628    777    256    610    799    651     51     29 
    88    295   1000    254      6    257    604    149    213    700    957     33    161    163    265    867    916    787    572    498    449     61    300    533    244    734    517    989    276    447    182    161    755    427    750    326    231      0    886    969    706      5    501    447     59    238    111    569    602    778    295    651    939     44    240    319    734    448    226    661    401    411    628    754    988     15    412    496    225    827    384    989    290    687    310    262    829    917    914    434 
    96     17    601    426    961    117    916    120     75    352    184    600    332    434    259    382    717     40    976    518    227    201    734    997    807    424    101     45    805    147    536    535    980    521    476    303    343    886      0     12    944    467    406    635    222    148    680    355    816    223    561    284    527   1000    265    515    757    658    779    545    184    527    975     48    741     15    202    799    257    272    663    199    242     14    669    485    880    680    203    575 
   150    902    507    361    220    453    195     76    231    356    190    862    207    290    654    303    412    346     35    119    924    471    887    352    346    780    397    526    147    164    933    938    480    863    644    967    620    969     12      0    591    374    924    791    345     38    230    189    492    732    491    811    494    492    867    289    483    749    701    950    179    975    783    988    548    468    496    387    984    256     12    257    113    406    888     86    994    861     59     92 
   912    582    966    271    897    135    983    309    485    593     28     99     89     12    948    545    921    653    876    505    593    937    528    970    613    316    440    974    789    218    576    113    468    411     25    579    362    706    944    591      0    932    673     28    913    676    833     35    877    175    386    704    185    466    470    471    827    407    270    730     54    299    119    443    995    950    618    652    534    743    967    421    143    119    879    683    493    513    207    720 
    56    395    437    837    647    882    869    575    220    181    859    548    191    249    418     19    566    353    267     59     71    833    227    746    890    956    586    111     68    939    803    600    325    258    974    767    670      5    467    374    932      0    687    516    265    113     53    147    307    278    831     82    327    727    228      7    786    367    217    550    665    377    144    105    126    303     98    151     42    599    286     31    372    317    704    707    741    621    747    947 
    34    706    236    749    204    923    967    190    489    426      8    137    332     50    724    981    974    278    627    752    493    246    202    414    195    807    143    676    886    458     31    692    613    387    497    485    970    501    406    924    673    687      0    585    629    565    781    117    802    741    152    259    976    636    143    774    563    569    288    597    291    444    454    596    814    775    676    468    814    368      3    359    708    933    278     58    100    711    875    474 
   229    361    114    184    347      3    905    745    339    176    851    477    838    975    547    297     82    348    598    377    745    816    154     20    909    299     80    178    874     52     18    670    391     31    231    326    492    447    635    791     28    516    585      0    335    348    856    812    781    249    840    357    116    385    638    352    950    948    511    159     49    262    861    458    351    954    822    124    815    372    250    305    415    403    512    804    217      2    823    545 
   429    321    650    963    153    736    925    510    357    354    460    488    432    647    342    784    685    767    959    736    322    174    241    470    196    886     70    196    848    284    960    577    221    957     96     78    538     59    222    345    913    265    629    335      0    551    611    980    293    287    641    748    578    166    940    413    816    815    522    416    132    942     22    526    340    167    298    386    733    898    165    171    700    299     24      7    768     98      8     59 
   881    229    499     39    309    722    960    526     86    441    878    929    926    473     34    917    200    112     58    770     49    989    923    664    892    219    690    565    367     61    862    380    535    398    708    402     41    238    148     38    676    113    565    348    551      0    477    281    204    627    455    420     32     28    669    578    251    416    658    752    415    643    217    507    313    734    680     22    973    108    494    221    655     54    509    384    562    631    990     95 
   238    421    442     65    778    473    192     99    847    410    855    188    726     81    895    494    582    136    414    858    677    114    207    454    154    826    441    723    282    676    607    645    949    960    210    318    145    111    680    230    833     53    781    856    611    477      0    689    530     95    177    395    555    283    151    238     76    309    817    257    474    986    531    219    204    479    131    641    742    709    133    337    302      5    522    680    750    934    683     81 
   858    752     94    385    891    676    506    375    572    119     36    166    969    255    990    195    552    351    520    945      8    743    363    109    453    114    747    511    253    107    307    809    105    554    340    634    807    569    355    189     35    147    117    812    980    281    689      0    129    713    942    209    524    687    746    299    305    733     48    234    931     62      5    183    673    397    448    989    993    882    422    433     59     43    775     49    354    319     66     10 
   585     34    935    100    679    649    713    177    326     49    620    963    462     24    363    182    167    348    683    790    178     74    803    620     35    406    647    237    820    839    147    745    700    583    218    883    132    602    816    492    877    307    802    781    293    204    530    129      0    233     74    926    210    797    376    200    789    534    854    508     39    704    605    204    127    269    803    341    673    834     15    986    394    496    235    450    196    435    449    221 
   256    196    975    489    784    219    816    713    349    823    755    996    268    923    474    322     15    376    438    309    233     23    140    610    499    478    115    146    102    881    351    411    524    708    899    615    569    778    223    732    175    278    741    249    287    627     95    713    233      0    581    176     44    660    422     13    138     28     91     56    804    132    924     88    511    808    509    979    337    609     81    400    576    513    152    305    403    110    822    319 
   107     43    650    476    547    435    429    267    865    377    242    154    237    243    240     56    836     72    360    378    491    927    366    807    789    172     12     20    166    734    612     72    625    129    170    981    998    295    561    491    386    831    152    840    641    455    177    942     74    581      0    816    193    266    985    422    100    148    697    670    258    402    412    710      5    699    158    421    395     93     37    573    816    159     50     48    924    278    874     86 
   846    312    414     71    272    208     70    489    458    621    768    325    142    495    688    700     25    414    620    992     53    670    273    632    866    792     42     47     60     61     40    936    261    897    556    465    822    651    284    811    704     82    259    357    748    420    395    209    926    176    816      0    363     18    382    653    261    460    548      2    802    254    149    135    707    672    280    355    532    185    320    161    224    181    371    634    782    689    752    103 
   241    104    826    477    995    279    899    844    207    566    558    434    385    528    632     32    642    704    188     50    340    905    918    136    300    168    244     12    490    453    608    834    891    414    115     90    640    939    527    494    185    327    976    116    578     32    555    524    210     44    193    363      0    655    269      5    757    244    608    335    934    386    479    831    512    747    611    449    991    704    220    864    901    101    205    864     21    340    826    600 
   858    181    409    829    518    188    218    554    263    666     31    549    265    713    267    533    250    256    885    462    766    416    620    769     89    553    541    748    174    850    540    785    793    791    457    900    838     44   1000    492    466    727    636    385    166     28    283    687    797    660    266     18    655      0    298    374    185    804    875     98    541    193    715    105    525    942     97    147    284    109    504    513    650    838    880    259      6    227    783    140 
   448     68    132    249     69    223    425    154    177    127    542    832    230    239    370    745    921    505     13    988    991    271    781    565    728    496    913    821    662     20    333    255    108     30     62    392    983    240    265    867    470    228    143    638    940    669    151    746    376    422    985    382    269    298      0    252    581    863    751    451     38    168    883    720    558    517    265    156    626    637    284    158     21    766    360    310    179    357    830     86 
   659      5    681    217    795    215    845    833    683    195     73    853    680    707    941    536     80    157    528    442    488    426    340    324    732    564      5    440    251    375    636    568    396    479    212    810    547    319    515    289    471      7    774    352    413    578    238    299    200     13    422    653      5    374    252      0    333    911      1    192    958    368    507    440    318    181    250    397    413    398    474    648    699    923    573     96     15    750    435    731 
   418    259    464    951    802    264    774    349    187    116    722    636    475    420    427     52     21    404    387    572    305    291    152    248    113    474    667     63     11    205    667     23    573    242     51    531    619    734    757    483    827    786    563    950    816    251     76    305    789    138    100    261    757    185    581    333      0    552    583    522     86    808    829    299    192      9    933    519    860    507    573    209    273    803    213    420    930    701    350    464 
   773    179    416     92    368    384    620    729     61    817    622    162    148    863      5    107    480    704    920    495    103     36    929    233    638     75    893    536    790    523    213     99    663    169     85    829    136    448    658    749    407    367    569    948    815    416    309    733    534     28    148    460    244    804    863    911    552      0    611    965    620    228    991    380    936     86    754    463    208    472     59    626    779    397    973    546    535    359    461    848 
   171    531    421    249    321    831    697    904    229     45    996    747    240    832    524    384    392    130    986    532    272    898     95    887    936     77    444    518    595    758    369    375    187    915    936    876     90    226    779    701    270    217    288    511    522    658    817     48    854     91    697    548    608    875    751      1    583    611      0    414    573    817    823    934    803    236     15    382    488     83    426    707    223    942    818    903    194     16    841    936 
   183    739    993    604    647    777    113    853    513     11    958    368    700    279    615    910     76    649    867    998    360    725    307    714    823    885    331     26    550    656    499     58    734     24    878    874    306    661    545    950    730    550    597    159    416    752    257    234    508     56    670      2    335     98    451    192    522    965    414      0      7    153    509    170     26    823    125    771    134    921    371    568    353    590    663     63    730    147    271    507 
   288    655    592    338    614    251     66    299    997    855    331    723    418    899    499    769    706    307    588    695    941    152    117    274    972    449    871    773    136    484    500    683    147    656    364     42    536    401    184    179     54    665    291     49    132    415    474    931     39    804    258    802    934    541     38    958     86    620    573      7      0    887    270    760    746    789    868     12    184     35    592    554    354    991    662    302    790    410    312    366 
   660    166    965    205    525    286    193    317    437    358    886    582    627    959    559    268    386    624    403    603    751    633    295    739    840    429    810    277    630    184    714    346    433    391    680    703     30    411    527    975    299    377    444    262    942    643    986     62    704    132    402    254    386    193    168    368    808    228    817    153    887      0    159    966    532    157    256    732    222     46     57     43    415    414    842    875    938    867    210    390 
   207    900    489    339    142     89    168    449    728    206    768    916    928    659    446    147     46    561    856    436    430    942    630    667    525     69    391    248    433    707    628    813    343    186    842    206    974    628    975    783    119    144    454    861     22    217    531      5    605    924    412    149    479    715    883    507    829    991    823    509    270    159      0    716    444    247    866    117    799    238    968    521    713    529    200    126    837    234    215    510 
   386     92    222    642    593    114    931    640    490    999    945    233    339    338    915    559    434    161    830      5    882    372    114    584    193    412    456     58    789    951    561    405    546    248    504    800    520    754     48    988    443    105    596    458    526    507    219    183    204     88    710    135    831    105    720    440    299    380    934    170    760    966    716      0    706    806    656     74    921     10    266    715    745    604    984    413    811    866      3    245 
   566    170    225    696    275    808    464    160    165     97    102    628    115    855    480    384    448    623    690    616    162     18     97    121     76    879     87    924    251    507    767    632    213    248    844    301    196    988    741    548    995    126    814    351    340    313    204    673    127    511      5    707    512    525    558    318    192    936    803     26    746    532    444    706      0    181    552    709    231    829    379    273    866    251    210    642    953    989    440    754 
   332    147    233    442    477    214     36    547    799    434    991    505    915    420    376     22    262    664    947    127    818    236    542    409    857      3    627    209    119    617    920     61    664    349     95    631    530     15     15    468    950    303    775    954    167    734    479    397    269    808    699    672    747    942    517    181      9     86    236    823    789    157    247    806    181      0    993    762    920     55     67    567    583    818    643    149    837    452    749    434 
   458    278    417    582     19    696    691    238    352    218    577    469    358    359    697     30     33    881    265    205    183    160    865    307    594    784    613    903    304    350    403    233    438    462    645    583    409    412    202    496    618     98    676    822    298    680    131    448    803    509    158    280    611     97    265    250    933    754     15    125    868    256    866    656    552    993      0    944    947    969     92    495    569    412    225    759     26    753      9    376 
   733     84    649    772    658    923    424    681     32    233    660    835    885     74    125     32    761    160    813    129     18    309    921    641    530    802    144    982    115    270    639     26    942    192    537    575     30    496    799    387    652    151    468    124    386     22    641    989    341    979    421    355    449    147    156    397    519    463    382    771     12    732    117     74    709    762    944      0    412     45    329    243    963     37    485    131    454    235    148    904 
     9    469    841    944    118    398    723    996    858     44    257    736    151    430    524    360    469     60    552    852    982     26    509     59    219    152    633    961    214    801    192    598    647    827    664    633    844    225    257    984    534     42    814    815    733    973    742    993    673    337    395    532    991    284    626    413    860    208    488    134    184    222    799    921    231    920    947    412      0    248    162    758    966    114    115    906    865    393    215    185 
