
     0     80     65     18     99     29     23     87     39     94     29     89     37     96     73     45     11     66      2     62     64     53     21      9     15     51     15      6     27     59     96     44     66     58     83     33     38     66     21     24     95     41     79     77     78     52     14      6     15     29     70     43     20     77     52     21     37     88     35     54      3     61     79      7     26     92     23      5     31     21     62     31      8     89     67     96     57     99     62     98     39     70     98     26     18    100     89     36     58     25     27     63     63     72     64     16     90      1     24     34     99     82     41     79      7     11     68     79     18     47     20     19     62     78     30     24     68     72     79     43     54     68     92     86     33     29     14     68     22     72      8     89     43     58     55     73     63     92     46     71     24     26     12     47     32     53     41     20     70     87     19     20     44      6     10     22     27      9     46      7     29     72     31     82     52     31     57     12     43     25     35     90     56     66     17     10     42     87     78     13     90     14     14     12     43     10     31     36     64     66     97     42     68     81     20     82     63     31     92     14 


 1000000     56     87     27     10    100     44     62     53     33     73     93     69     23     71     80      2     82     17     92     37     70      2     30     45     57     42     61     86     32     87     14     35     62     19     49      5     21     84     26      3      8     96      6     16     71     45     24    100     14     19     44     21     75     63     69     10     65     28     55     20     35     48     44     49     81     46     23     34     15     55     12     92     48     24     98     34     70     74     49     17     91    100     99     25     99     96     22     66      4     47     90     21     10     11     66     96     85      3      5     82     95      1     74      3     21     80     65     77     88     68     51     94     49     18     85     57     81     14     18     18     80     47     42     43     84     28      3      7     16      7     66     10     42     95     46     24     20     80     91     83     98     84     37      9     79     79     15     39     80     41     66     52     17     57      1     24     77     59     58     79     27     13     90     15     53     20     10     23     79     24     18     18     79     52     34     76     84     14     91      8     32     10     14     74     15     18     75     86     28     23     13     27     28     88     52     14     55     68     20 


     0   7098   4736    200   8400   5203   5379     61   7896   7442    104   7108   1182   3812   3868   5586   7130    920   7563   3234   1483   2540   8397    236    596   9517   2646   5394    439   5630   1501    669   6224   7256   9388   3944   8244   1298   6728   9291   2218   4131    354   6298   7864   4950   1230   8974   9714   6909   5634   5620   6016   6489   9906   6340   6991    184   8299   8069    602   4496   1726   7439   6920   2603   2654   2001   1576   6195   3755   4756   1067   1647   6816   2783   2114   2590   2283   4476   9800   9124   1933   5722   5970   1091    130   2757   8421   6459   2945   8627   1927   1604   4262   1184   1625   2219   3230   3371   1492   8428    676   7394   5059   6671   3563   8347   7697   6853   6989   8101   7347   5348   7714   8846   6519   9857   4883   6838   4926    109   4063   9843   6646   3971    894   6870    572    897   2166   3502   2481   6485   7675   8203   4731    522   7020   2918   4239   6114   7882    383   8396   3542   6586   5047   7001     91   9789   8766   8162   2007   9791   9871     80   4101   1070   6139     72   9765   8396   1523   4263   3719   9208   1017   7322   1929   8728   1177   1059   9774   2395    227   6761   1841     45   3597   9216    123   5370   6023    330   8737   5079   4382   5549   5521   1278   7925   2518   2894    442   1312   7948    666   1234   8035 
  7098      0   4457   1491   8122   7018   2709   1025    535   9370   2340   4718   9170   7448   9122   6535   4720   4456   8637    450   8304   5496   7763   1088   6742   1230   9772   6229    246   3199   4346   2725    147   8753   2767   5521   4217    787   9598   4082   9976   9611   2805   6821   5699   1536   9609   4167   1369   8281   1908   8547   7426   9013   1132    841   8653    652   5317   3121   9337   1190   8424   2480   4913   1035   2196   3898   3916   6506   4597   5881    964   8349   4675   2973   3718   4477    493   9956   5883   3474   3974   2459   2757   8253   9759   9685   2476   1929   5942   1563   8826   4047   4846   4613   2165     41   6000   9447   9244   5721   7506   5455   1412   5818   2246   7102   9668   2407   8516   8021   2031   7147   7515   5635   8032   4681   9140   2475   9643   2556   3449   6954    483   4209   5205   6521   8343   9299    748   2400   7345   3655   7822   7324   3504    617   7590   3314   7877   9606   2888   1812    620   2012   2987   2322   3805   4511   7236   3396   3090   1164   8485   2103   3962   8867    788   2167    318   5169    783   4860   4947   1980   9199   4263   6464   8642   7163    350   5025   5107   4208   3030   2892   5309   1391   2481   8514   3176   3398   2120   7257   9219   2242   8922   5736   8895   1508   3765   2004   9611   2065   6340   9433   7119   2224   8377 
  4736   4457      0   4412   1388   6894   4365   5679   4388      5   9941   7125   8182   9806   5175    184   9788   9443   2110   2551   2712   3688   5034    165   1612   8043   7323   3279   1881   7259    991   7773   6410   1638   1721   6811    417   1559   3380   6761   2146   7502    761    336   6303   5856   2413   3031   5444   1345   5087   8118   7075    640   9936   9497   6322   4163   4338   2760   9603   8948   3142    357   9172    187   5680   8022   8424   6476   5598   7541   2294   3619    266   5509   3712    478   8075   5318    454   7546   6562    140   3964   8690   2227   8331   1545   1636   2866   6103    466   6420   8992   8858   6709   6470   9894   4981   5402   3047   3857   7948   5190   3901   2558   7132   7282   5151    680    431   8812   5110    304   5234   4475   3972   8988    853   9481   3620   6450   6627    524    580   2150   3908   1237   1552   5026   5056   6941   7679   5638   7493    412   1890   6160   1196   6715   1899   8925   5176   6492   3563   1104   7056   8697   4240    866   4669   9850    205   7963   7462   3130   5643    863    186   2492   3423   2765   2655   1466   2861   5828    810   6751   9756   1686   2431   1781   1595   3377   3178   8688   2131    315   7997    620   6717   4222   9740   7748   1175    228   7702      5   8065   8020    262   8355   7006   5822   2617    233   4392   3955    417 
   200   1491   4412      0   6678   2131    776   4299   6150   2886   2013   3181   9807   8661   2008   3651   4301    244   7287   2842   1328   3240   5398   2412   2931   5919   9453   4590   1456   1378   7934   2360     99   8616   9725   1188    187   5038    560   1769   2488   2196    216   4584   5169   9002   6816   6648   6628   1435   2934   6942   1348     42   3880   6464   2062   5052     97   3211   6412   8085   1092   4194   7982   2421   1943   3113   8181   9733   1955   3009    129   7565   5243    837   7614   4857   6395   5589   7322    220   4211   1826   4393   2148   7107   2394   4845   7392   2297   6821   5984     62   3849    240   6403   1544   9596   1304   3548   8864   9676   8762    171   9274   7294   4346   6429   5930   7888    578   8933   9839   3269   5164   9656   7055   7535   2545   4328   2643   8572   2931   7682   5477    244   1353   3483   3960   6306   3227   5624   2008   1152   7438   7613   9218   2904   8800   1816    550   2232   7686   2383   1307   2437   9749   3847   9186   5875   2463   1926   1054   7779   2479   1004   1123   5342   4359   7405   6493   3105   4232   2961   1204   5914   1715   4751   7070   7089   8543   4262   9507   6922     27   3119   4488   4218    725    128   2661   9400   9194    817   4488   4486   3215   6356   3487   3535    352   9184   9280   8434   4793   3327   7116   3440   3010 
  8400   8122   1388   6678      0   9481    276   5667   3039   5168   7755   2175   3911   3260   9790    221   1123    873    224    869   8523    848   7050   5132   3548   6132   1521   9166   3629   5438    232   9837   4964    938   5641   2538   4243   2531   7903   5699   9639   5148   2710   4766   7155   3920   2630   6693    793   2140   8156   9603    505   9163   8922    797   4238   1939   5570    372   5526   5614    573   7801   5458   1994   9601    273   7070   4693   4020   7820   9745   1267   7643   6960   6311    114     39   5595   8541   7504    288   7641   8398   2970   3602   2738   8397   1832   2904   4616    579   4759   7608   7455   9338   9144    447   9197   4650   7895   6013   2836    947   8109   6594   7581   2202   4154   4057   5223   4456   8685   6756   6352   9728   7845   5130   4083   7025   3085    494   9315   7596   5219   3648   3030   2022   1482   4856   3957   3344   1361   7345   4499   7654   8403   2227   3708   8854   6720   5573   4048   9282   4923   8017   2592   7993   4965    856   5367   6241   2185   5001   8444   4120    473   9853   7239   4044   7321   6438   9154   6552   9915   6488    130   2162   6859   9671   3446   1793   5788   3249   5183   6115   6369   2526   9776   3727     32   1446   4535   4518   4836   1715   4236   3664   4065   5160   6362   9365   4190   2960   5947   6410   1214   3531   2761 
  5203   7018   6894   2131   9481      0   4654   7407   2677   3154    820    470   6296   1915   5938   5162   2899   4040   7898   2655   2572   1402   8216   3190   3923   2715   6780   9603   4584   2390    457   1599   9119   9289   8254   2976   3569   4527   2132   3189    229   8521   1703   4406   2767   3869   4857   2651   8681    849   5748   6971   4288   3193    511   5847   6306   8160   7220   9064    917   3651   1520   2742   9306   4084   4460   6826   5010   7741   5018   3799   8240   5186   8946   2372   5728   6380   5790   9405   6343   8387   1252   5482   6124   7308    771   6159   7702   1411    240   7254   3031   4186    802     26   4841     99   3371   6149   9574   2122    553    811   4013    886   5789   1976   7090   3889   7850   2440   9285   4165   2657   6294   9224   3018   2411   1158   9418   3261   2599   6278    343   9907   1670   7842   1204   9822   7604   2695   2294   9263   6633   6715     84    540   2511   8123   1006   3780   4197   2452   7836   1184   8644   2037   2506   7004   2272   7093   6915   6598   9795   2144   2812   5829   5381   1496    804   3998    207   3818   8746   8163    737   1518   7613   6702   2593   1315   8778   5308   1414    425   2019   3468   4933   9249   8204    585   6778   9426   5355   2565   3290   5389   6479   5449   8311   1043   1280   2699   1268   6933   5048   2463   1003   8908 
  5379   2709   4365    776    276   4654      0    225   9105   5483   3193   8417   9601   5671   2720   8786   8832   3212   1760   9093   2489   7473     70   6825   5027   1589   4915   5159   1367   9188   2987   1664   1484   2379   5055   3402   3211   5149   9021   8472   4047   3205   9926   9544    732   5486   5983   6482   3348   2208   6236   4030   3318   1021    154    341   9944   3627   2460   8748    821   1860   3048   2381   9706   8331   1266   9319   1630   8784   3977   9832   8848   2679    512   9561   4645   2804   5008   8681   9649   5546   4940   9645   9382   1973   2788   6312   8763   8150   9822   7686   8462   5294   6162   1854   2205   5421   4245    552   5280   9868   2344   5947   1851   3400   5089   4715   4691   6385   2105    353    319   2195   8504   8653    561   1699   7534    377   3956   7100   4403   5726   6344   6347   3713   7131    380   4217   8272   9235   4667   1481   7442    920   2425   5297   3856   3494   1631   2877   7732   8930     37   4321   9320   1539   9680   4989   7631   5104   1789   1158   9202   4395   1164   1459   3533    493   6655   8487   7691   2514   7700   4590   7967    247   5426   2570   4308   6003   8097   1279   2632    467   6204     60   3684   4873   6971   6220   1070   4454   4011   8044   7283   1301   7025   2190    974   2843   1711   6271   2446   3613   8630   9749   5671   9121 
    61   1025   5679   4299   5667   7407    225      0   5037   5387   7847   7353   6896   1248   8460   9020   2779   1822   5188   5766   1769   4888   2293   2081   6168   5910   7309   7365   9904   5220   6765   7549   4484   4344   2545   3531    183   5396   7683   5197   3698    956   3168   8736   2708   6488   3322   7269   4747    749   5792   4642   9122   8376   4955   1340    364   7180    778   4050   8720   7885   9152   7675   3237   8220   9132   9348   1423   2324   1417   1988   2106   6917   1799   1889    390   9663     73    359   2580   6722   4752   2470    416   6421   6392   6972   8655   8549   2017   3364   1498   4336   2832   4910   8955   2145   5111   8688   1591   1980   2434   3772   1981   7949   8100   1859   6670   1949    785   4825   3309   1125   2461   3529   9977   1112   5924   1723   2424   4378   8186    627   3669   9382   1718   3406   9181   1872     59   9720   4567   9862   1047   7919   1602   1933   7567   7006   8451   6250   5674   2435   9455   6846   3837   5411   4005   2423   4855   1424   8543   1603   2045   7240    842   4647   3400   9777   6948   1888   5310   6690   1638   7656   6782   2565   1970   3789    224   3466   1742   3981   2476   3582     97   9973   4937    717   3341   2682   8169   9908   3213    360   1955   9611    497   2411   2992   3729   1848   8187   3337   4393   8733   6636     81   8932 
  7896    535   4388   6150   3039   2677   9105   5037      0    644   1637   1695   6224   1030   2751   8143   3889   5339    865   1882   6430   1768   4875     66   2397   2586   9521    802    226   7521   2841   3749   8501   1728   5495   3909   8162   9187   7656   1671   9014   3441    636   5973   5271   1604   9752    539    372   8007   8620    854   1774   9407   8800   3962   6581   2141   2229   5379   4887   1443   2923   3678    421   5460   4509   7928   6647   8209   7765   4887   3426   2737   3612   4344   6680   1696     64   2281   2512    251   1068   1943   4821   2090   2147   2489   1540   5615   2062   7006   2705   9198    295   7237   3818   2941   2965   3596   1807   3950   5290   8891   5249    859   5963   6465   9834   2481   5583   2431   5644   2479    314   6995   8652   1984   7722   1960   8817   4999   7938   8140   5032   2363   2182   8097   4411   2323   4567   4712   3379    899   7521   8218   6186   2231   6290   9289   4661   8703   4396   2038   8640   8892   1661   8996   2426   6970   6222   3437   1348   6078    906   8531    373   9921   3696   9146   4848   1085   8987   5139   2714   2024   3024   2156   5941   9534   1929   8134   1633   5284   1408    295   3460   6410   4687   8225   1384   4031   5158   4434   1765   5659   4589   3533   9471   2729   5068   9720   7474   6660    168   9879   3404   3860   3792   6441 
  7442   9370      5   2886   5168   3154   5483   5387    644      0   5611   8168   1719   1154   4535     85   9411   6680     65   1280   4934   6098   5773   7560   2700   8909   5165   1575   8581   4096   6383   7355   1652   8371   1560   5807    792   1227   5121   5887   1401   3257   3218   5628   8774   6563    462   7309   3549   1587   7038   5238   9451   8559   1921   6589   9366   2808   5267   2682   8440   4006   1243   3934   1150   2867    538    775   2273   4311    850   2227    851   2308   3716   2131   6636   3715   9822   1329   4086   7390   2660   6582   9558   2687   2236   3093   3565   5753   8255   6091   4000   7110   9197   8314   3619   7424   7537   7604   7531   2627   6886   1637   8421   5906   1753   4453   5890   6489   3568   1164   9173   2915   7673   9093   7007   2860   8599   5384   3289   9354   4473   2707   1058   2855   7005   8217   2539   8242   5380   6125   8224   6967   4534    288   3816   2188   1672    393    320   9901    427   3236   9316   8969   1448    350    590   4590     41   1951   7186   1666   6730   1689   9689   6291   9201   3232    974   5202   8283   8891   4743   9259   3944   8986   1861   4664   3673    471   3518   3494    743   1377   4601     40   5814   1719   5066   7915    602   1458    720   2729   9226   8758   5932   9761   8099   8666   1571    166   2927   7781   8983   5959   8582   5947 
   104   2340   9941   2013   7755    820   3193   7847   1637   5611      0   9730   1599   8724   4536   9507   7950   2637   4060   1309   2600   2301   4520   6700   4012   2099   8904   2778   3495   3087   2353   7330   6745   2091   6157   7636   4215    151    164   1577   4660   6920   6796   6951   4938   6418   3460   1048   4012   9236   1629   2535   6801   1060   4938    492   1353   7963   5002   1833   5204   1907   7475    165    787   8415   7521   7591   2110   7723   4431   9125   3016   6276   9029   3710   4143   6042   3602    710    792   8052   1835   3729    315   7475   9109   5714   4010   9402   9567   1477   7240   6205    148   2219   5495   1017   4751   4981    593    339   8303   8035   1516   4516   4781   9773   6824   6580   5115   4258   9163   8837   8143    993   6190   1091   2496   2070   1656   8169   2592    422   8203   5126   7419   4476   2845   3760   6175    165   5626   7928   6683   2378   3481     48   1901     30   5339   8409   1942   3431   6667   2960   4817   5552    530   8379   6052   3535   4025   9327   5941   9731   1445   5812   1824   7730   7646   7213   3064   2465   2384   3505   6572   3268    597   7358   1804   7255   8498   4368    748   4236   8145   4028   1831   5446   4815   2739   1752   8358   9223   1252   4421   1126   6766   4033   2461   5972   2000   3559   4098   9711   6954   8087    458    551 
  7108   4718   7125   3181   2175    470   8417   7353   1695   8168   9730      0   9082   3176   1619   6576   4324   4225    293   6952   1269   4498   1036   4907    813   4499   8133   7988   2648   2865   9176   8677   4878    789   9447   1929   1916   5526   4295   3161    178   4080   4620   2812   9054   1381   7577   8243   4521   9140   2056   9524   6544    137   7222   2215   5668   3684   6450   5374   8070   6397   4296   6041   4014   5703   1161   2602    699   3618   7149   1957   4879   6358   3595   7371   7931   5326   6087   7623   8312   2738   8541   2472     72   8953   8750   3537   6813   4477   4520   7743   9320    160   8506   7530   8852    863   7001   3727   1715   7188   2492   4827   4793   1185   5710   3051   5960   4442   8197   2435   5835   8339   8813   6748   3559   3338   9691   5698   2590    759   1183   2750   5829   4706   5177   9808    521   8053   7391   7008   9470   3363    333   2853   5640     55   4782    182   8988   7009   9594   8288   9209   7885    192   4808   8771   3461   8757   2338   6097   3337    766   5090   9863   2204   2315   4658   6598   7682   6548   5652   5762   2583   2551    537   2356    322   3954   9522   8465    779   6142   5910   7002   8554   5485   6147   7542   7265   6534   2217   1340   7179   4158   8196   3749   9829   8104   6218   9409   5389   6944   7140    761   5833   6740   3665 
  1182   9170   8182   9807   3911   6296   9601   6896   6224   1719   1599   9082      0   3557   4570   1859   4408    366   7889   2811   5613   9766   1681   6829   7927   5606   8774   3780   7519   7081   6949   3270   1468    951   6374   5369   9278   4964    974   2074   9385   1930    176   4057   9747   2611   2309   8153   8608   7339   5482   4742   5596   8966   2762   4616   7114    461   5325   3127   7243   5759   4240   8271   1346   2229    101   8806   8215   8486   1165   9226   7337   5100    452   1376   4808   9334   4445   3515    161   6560   4015   7258   1948   3584   9758   7493   3876    738   4797   7384   2743   4565   7571    352   4701   1175   6428    518   2524   4415   6851   1178   4684   1705   7582   4673   8295   7223   9881   2418   5845   8037   7254   2013   3110   3517   4788   7900   2655   5133   8382   3999   8793   1605   5159   1730   2679   9749   7475   5553   6823   3638   4152   4495   3852   7704   3029     99   4778   4524   3378   4821   8402   7378   2281    839   7104   6181   9669   6534   1090   7942   5049   5059   6986   6966   6610   8413   7926   9976   9745   8065    846   9029    578   9540   5999   2961   8801   1215   1175   8702   2159     13   4849   8560   3952   5745   2610   4369   7607   7883   9396   3525   2613   7292   9569   9952   1230   4664   1827   6710   1982   4075   2218   9907    571   4927 
  3812   7448   9806   8661   3260   1915   5671   1248   1030   1154   8724   3176   3557      0   1023   1868    219   7917   9527   5366    376      1   3706     85   5969    611   3430   3927   7044   4690   9918   4610   6666   7604   1144   9083    787   3003   1734   3176   7314   8090   8147   4808   8266    296    322   7185   8682   8580   1458   3178   9109    586   3925   1594   9814   3956   5714   6081   7812   3492    344   3989   8881   4768   5893   6559   8439   2511   9271   7127   8341   8180    961   5948   1960   3544   9568   4504    598   7916   4784   6180   6367   8591   7034     24   7510   4477   7968   9574   6669   1848   8794   7286   5936   7739   1426   9332   4276   3292   2029    217   9280   8129   8108   3064   2411   9127   4867   2250   1223   3582   4137   5931   7085   4633   2224    677   7162   2741   9350   6829   2841   5575   4891   5725   3362   7339   4932   8034    850   8169   1873   8631   9355   8058   7691   6802   9005   6988   6594   1677   3590   2338   6500   4902   5896   4816   2960   6155   7417   6725   8604   2256   6943   1513   9765    595   7228   1800   1494   2514   9335   2063   3867   6922   6636   1031   4632   9795   6358   3632   6628   2410   1274   6655   9514   3087   1591   1803   6978   2960    235   9044   9596   1174   2056   7525   3278   1550   4152   6763   5775   4602   3373   2614    115   2473 
  3868   9122   5175   2008   9790   5938   2720   8460   2751   4535   4536   1619   4570   1023      0   6973   7519   1737   8355   6013   1050   2818   5834   9468   2574   3171   1389   7122   3747   5214   9358   5353   2491   4076   1959   2651   5267   6799   1079   4061   2508    326   2579   9067   8485   8689   2731   6757   7099   4167   6315   8138   5027   7284      3   2834   1847   2583   9928   3441   5359    107   4748   1354   4498   6150   2827   2896   7421   4896   8967    195   1186   2821   5638   8378   7668   6396   6282   1229   6754   7737   8417    901   2371   8114   7503    423   5329   7982    808   7357   6840   8371   8594   4598   1600   7808   5050   9424   2152   1944   3365   6339    662   6050   6025   1265    876   8782   6237   3404   6413   7849   8623   3863    913   2131   2052   3520   6820   1951   5349   8141   2181   7148   3191   7525   6045   7859   3580   4721   4191   2753   8024   9588   5135   5157   1366   3544   9845   8429   4076   9610   2339   2253    107    743   6741    432   9132   9495   1993   2195   5783   1993   6399   3391   9205   7584   9187   8534   9817   2045   6519   9169   6762   7582   1750    408   6804   9031   2870   5586   4111   3951   6509   2126   8031   3261   9736     82    893   1795   8392   1538   9094   9274   5534   4484   4595   1070   2551   1651   4377    508   3147   6241   3458   1274 
  5586   6535    184   3651    221   5162   8786   9020   8143     85   9507   6576   1859   1868   6973      0   6754   2722   1162   2935   3736   3077   3486   2148   4467   8228   1234   6225    802   6879   4017   8876   9272    692   1482   5574   6649   4851   5689   2055   2308   6912   9860   8917   1873    521   3127   4927   9340   4298   9714    159     18   4157   2177   2160    236    903    539   5212   1866    895   3551   5275   6994   2721     60   2344   5064   4883   6111   3460   6496   6374   9778   1312   3217   2833    851   3349   7804   6297   2483   9767   3085   6356   8528    795   9713   3918    452   1654    345    940   4607   1607   1325   5809   2226   9029   9893   6478    622    444   3331   4445   5164   4821   2564   9968   1773   1893   3385   6695   3173    520   7025   3168   2643   2638   7897    627    228   2213   2982   9020   5129    728   3906   7723   6293    935   1269   7498   4044   2551   1206   8957    728    109   2482   4688   6637   4758   6428   1356   4704   8105   2485   2362   4066   8352   2733   2268   2803   4947   2010   4185   1429   4342   2088   9656   4254   4133   7587     80   1266   8798   4849   1790    400   8159   2098   6791   4555   8384    220   5727   1980   2370   1138   4906   1334   9145   9572   9666    329    375    685   4217   7115   7466   2328   9616   8387    552   3797   5095   5544   9816 
  7130   4720   9788   4301   1123   2899   8832   2779   3889   9411   7950   4324   4408    219   7519   6754      0   9163   8247   1786    723   7101   2046   1935    828   9922   8682    817   8396   2911   1575   4117   6770   2871   4301   1406    410   8822   5636   6931   5659   5722   6267   1886   1815   7571   2153    199   1245   9229    449     16    946    362   7724    786   5153   2565   3139   4551   7118   4292   3579   4921   9058     30      4   2154   2194   1726    932    149   5026   3541    624   4390   2010   3142   6828   4149    342   9230   1172   3897   1667   2386   7067   8714    503    894   8211   7430   4704   4491   6396   9080   1617    320   2961   6837   1497   2956   4096   4410   2214   1698   6057   3058   9385   8534   1737   1916   3834   3527   8312   8684   4350    861   4817   7856   9334   3988   9825   5686   1483   2042   1475   1996   6136    421   7242   1704   6551   2633   6159    184   5487    744   6588   3196   3581   1722   5464   2546   5601   1119   6581   8851   1227     34   7223   7020   4647   6640   9031   2000   7478   8201   4536   7435   4845   1655   2040   2217   9747   4668   8586   3544   2581   5872   3058   4859   9469   2779   5329   8993   6228   5647   6882   3621    387   5177   6501   9543   7217   7210   4763   3802   9641    785   7267   1999   7755   9979   6131   3057   3173   2926   4345    627 
   920   4456   9443    244    873   4040   3212   1822   5339   6680   2637   4225    366   7917   1737   2722   9163      0     81   5217   9731   4551   6081     32    156   1504    681   8159   4169    362   2382   2588   1907   1591   9436   2537   8311   9437   6316   8634   2859   9583   6487   1532   8947   5353   5845   3366   7908    399    650   3252   7686   7992   9378   7298   7504   3159   1707   9878   6816   3962   4690   9584   3129    470   5937   8566   6081   6466   8312   8843   6010   7987   7675   7088   2271   9447    940   4669   5250    198   1961   7393   5893   7350   5015   4952   3670   8174   2591   8364     16   2989   1721   1744   4126   8011   2967   5880   9602   4431   6132   9532   7382   9538   1262   2063    240   4901   4097   2075   1085   4655   4996   6927   8438   6777     40   1627   6455   5292   9935   4123   9616   2459   4810   8433    364   7181   9015   5240   5521   9326   1673   9847   9144   2166    504   6514   4879   4954   5116   9079   3323   6769   6821   1319   4530   6873   3966   2514   2392   1627    882   2296   3818   4908   2221     46   3273   8246   4183   2045   5608   6358   6526   5489   2199   2166   9202   7905    562    365   7957    202   6917   9606   2276   1904   8497   4686   3232   2759   2292   4354   1424   2670   5940   8248   9147   7997   5790   7069   3585   3568   1213   9950   9211   2117 
  7563   8637   2110   7287    224   7898   1760   5188    865     65   4060    293   7889   9527   8355   1162   8247     81      0   1725   3131      3   1107   2321   2808   6277   3755   8322   1829   5047   7427   4251   9249   8438   6831   4626   9018   2562   2435   1655    680   7707   1958   9586   5114   1181   2793   9881   8208   5176    249    560   1483   5028   5632   2006   5938   6196   3539   4428   7702   1064   4039   9127   3272   7112   7460    441   8457   8607   6191   4523   1314   6950   5394   7839   6677   5937   9039   7668   3987   6798   4821   9658   4783   3547   8402   9351   7091   2456   9913   9161   6017   5102   9765   4511   6989   2015   1166   3986   3880   7183    411   3224   4015   8386     25   2459   3350   2903   1803   2358   6591   8916   8402   2097   7887   4306   8206   6445   1123   2267   8726   5187   9470   5250   5572   7977   8774   8994   2725   1013   6559   1995   6207   6022    792   2153   8594   4095    629    438   2452    246   9004   2226    744   7998   8483   4897   4015   8800   1034   9764   9617   1136   8053    139   8765   3918   1757   4666   7935   8778   3367   1754    402   4604   6708    851    406   2131   5770   4679   5299   6590   1730   5425   3694   1752   9860   3454   6667   3208   7344    476   6020   2681   7358   3409   2360   1845   2744   7038   3623   4968   6774   4020   3388   4707 
  3234    450   2551   2842    869   2655   9093   5766   1882   1280   1309   6952   2811   5366   6013   2935   1786   5217   1725      0   9434   6774    253   2991   2701    609   6527    692   3417   1368   1821    953    904   1427   9946   2653   1485   7929   9620   3157   5809   5853   8476   1928    529   8278   7635   2617   6549   1362   1271   5491   9700    844   3949    762   7110   8220   9729   5281    233   4303   3484   1927   7801   8039   3973   9702   6873   1509    363   1246   4663   4965   9410   1149   5886   3018   8843   6883    829   7963   2025   5700   3609   6444   8337   9342   3053   6352   7601   9901   2027   6479   8068   8043   7869   4131   4580   2044   6141   5832   1985    522    774   2628   9329   4382    505   2819   7145   8271   7813   7479   8266   1966   7552   6655   6815   8593   7419   1622   1318   1983   7861   5999   5980   5869   5726     14   6702   9720   8367   6905   2013   4370   3831   2959   2578   1617   5289    632   3458   7716   4068    718     19   6040   6067   8716   2736   7116   2694   1189   5624   6849   6016   3431   1421   3477   1587    384   2684   3423   1848   5968    696   2142   3587   8928   2604    734   5894   1873   9729    428   3460   5193   1948   6492   1209   4027   4315   2247   4200   1062    976   6633   8453   1807   1311   7674   8499   4945   9509   3436   6865    117   7610   9158 
  1483   8304   2712   1328   8523   2572   2489   1769   6430   4934   2600   1269   5613    376   1050   3736    723   9731   3131   9434      0   8160   6814   1336   1967   1656   8887   8923   4814    988   5567   1660   8080   3178   9221   6952   5593   4551   2255   6934   9664   4650     16   4665   6773   2344   6714   7106   5158   4608   4449    586   7777   2968   7905   1502   2363   1127    945   5035   6321   3412   8745    331   2381   2462   9552   5377   7500   7501   1866   3233   5550   5001   4945    452    591    137   2018   1738   4644   1023   5451   2944   6329   4562   9570   4309   7929   9307   1479    311   6366   4164   4942   2082   1626    461   2742   5340   1510   9633   3071   1482     90   1881   2107   9735   2142   7886   7730   5382   1999   5732   6539    101   1876   6789   5256     69   5954   3180   3618   3559   5101   1204    454   1209   2097   7791    671   8081   8208   2058   1284   6233   5902   4113   9476    763   1482   8271   6801   3582    751   3113    825    193    219   1867   3419   6503   9918   8947    185   1844   9717   8092   9353   1112   9032   4285   4914   1401   4146   2562    771   8373   6256   9739   1958   6647   1869   8500   7191    361   9548   1221   5582   9611   4197   9307   1364   5971    116   6486   2628   7718   5072   1220   1792   5365   8952   6221   6743   1355    148   3456   9108   1734 
  2540   5496   3688   3240    848   1402   7473   4888   1768   6098   2301   4498   9766      1   2818   3077   7101   4551      3   6774   8160      0   6777   6014   5849   3220    829   4149   5708   1616   1085   4560    546   6844   7084   6989   4170   1009   4734   7662   3164    292   3060   8116   8466   6651   4569   4632   6054   2257    237   2652   1645   2021   2673   9410   5444   7338   7395   6394   2473   2346   7020   2386   6843    332   6422   5625   7461   6023   4306    788   7096   5239   9850   5300   3383    592   5411   1463   5208   7744   9943   3662   7048   7882   2576     79    895   2416   1031    940   9845    496    287   4867   5299   2306   8493   5991   5710   2832     25   6158   4960   5414   9274   5964   8328    221   8894    640   9028   1410   9064   7294     60   4300   4702   2925    354   7358   1009   4625   1800   1417   2783   2459   6433   4326   1079   7231   1163   7890   7131   7750   4220   5770   2204   7829   1164   4905   4785   8077   8194   8943    601   5492   3202   9204   2386   6532   5062   2093   9801   7122   5627   9566   7684   8226   2158   5137   7933   8553   9383   5061   7056   8754   9269   6747   1015   6981   5835   2492   3509   7828   8619   5983   1825   7496   2305   2393   4085   1468   9794   3109   1382   5400    852   2343   8821   5520   6848   5579   7078   1997   3703   5619   8048   4348 
  8397   7763   5034   5398   7050   8216     70   2293   4875   5773   4520   1036   1681   3706   5834   3486   2046   6081   1107    253   6814   6777      0   5890   2576   4053   2342   8526   1632   2306   1471    374    265   8746    915   6513   1076   6143   1981   2414   2381   4002    329   8622   9019   5148   4141   9041   9211   2508   7971   9077   5473   6242   6155   2332   8513   1164   5662   4268   4987   6304   9797   3227   9477   6106   3419   5514   2637   1720   9839   8786    142   6339   4543   5086   3506    735   7569   4201   8922   2485   4180   2696   2410    127   2246   9305   5303   8165   1527   8637   3253   5751   4510   1106   7868    155   5513   2309   3563   4631   2187   6167   8720   6882   4577   8014   2662   4775   4037    255    319   5706   6694    601   4387   1615   5447    611   3018   5144   7351   3289   8375   8782   9297   7636   3478   3107   6070   3209   7750   6582   3687   5972   7626   4550   1494   7413   9676   3276   2687   3755   5571    675   1651   9374   9543   1130   6725    818   7217    924   6152   4889   5864   3119   9832    600   2602   8682   4024   2303   9272   3323   8220   7618   1236   5305   7496   2140    687   1206    184   6485   7869   9096   8017   3377   9580    824   4568   5884   1717    299   3777   6180   6946   1600   5466   7479   7025   4874   8377   2525   1302   6799   3347   3608 
   236   1088    165   2412   5132   3190   6825   2081     66   7560   6700   4907   6829     85   9468   2148   1935     32   2321   2991   1336   6014   5890      0   1111   1073   2078   6058   3700   2044   1337   1622   3126   6944    362   8586   4682   4128   1144   5931   2430   5099   8906   3219   1946   7722   7535   5448    626    105   6495   1821   2731   3002   5842   7214    907   2519   3104   7415   6902   8231   1241   2037   2118   6165   8852   5983   6906   7899    605   3543   2451    357    283   2605   8602   9028   1056    307   4470   2609   1348   6983   6012   4116   4467    332   6999   4579   8502   1163   3115   9023    367   7530   2804   2973   3721   7098   7412   8578   3551   8230   6972   2609   7788   4250   4826   6488   5795   5856   4484   1048    431   2577   2084   6372   1661   4555   2324   5389   9032   9407   7035   8796   9477   4829   2473   6785   8032   2307   5839    490   7031   3666   3906   7127   1365   5842    402   6188   2433   1752   9317   1127   2376   6485   5449   9427   1848   8402    841    125   1054   6490    768   7046    242    359   9436   1289    449   9760   5396   3086     75    450   7725   3454   8254   6686   9752   1033   9170   8418   1409   4517   5878   7131   9091   6986   5899   7322   1999   7162   3760     68   9359   3925   9086   1936   7494   6140   5236   8155   5002   5397   5396   1647 
   596   6742   1612   2931   3548   3923   5027   6168   2397   2700   4012    813   7927   5969   2574   4467    828    156   2808   2701   1967   5849   2576   1111      0   1156   4335   9599   5557   4711   4583   2351   9367   8687   1628   5235   1785   2332   1710   6672   3689   1806   6381   1942   6646   4194   3632    576   2606   4238   8036   1185   5036   2682   7110    459   1712   7952   9555   1072   5615     53   8286   5838   3341   8407   7138   4806   9961   7433   4778   7934   2345   4525   1934    456   4967   9601   3792   6802   4043   8285   6871    992   5721   6636    266   9174   2029   2888   9327   6714   5029   1355   7638   9945   6014   3315   1696     87   2786   2996   9093    973   3986   5445   8405   9759   5391   9012   1613   9067   3150   2043   1278   4649   6076   6935   9257   9135   9214   4533    910   6163   8046   8208   1558   5894   7218   9944   4686   8335   6397   3333   6070   7989   7306    877    186    369   3287   8802   4959   6819   5456   3407   6929    516   8044   6595   6363   9916   5740   9711   7527   3588   3922   8236   4087   2431   6479   3089   6996   7940    241   7396   3318   3166   2395    925   7636   1176    102   7219   5742   2563   1719   6833   9927   1481   1346   7737   6215   3079   2078   3501   6673   7062   3530    313   8849   4746    255   8564   1018    127   2614    471   8029   2673 
  9517   1230   8043   5919   6132   2715   1589   5910   2586   8909   2099   4499   5606    611   3171   8228   9922   1504   6277    609   1656   3220   4053   1073   1156      0   9037   1183   7084   1130    596   9920   2065   1409   4093   2267   3418   1568   1781   9889   4103   3863   7325   7543   9045   9183   5516   9645   4588   4481   1929   8745   5111   8952   6821   9097   5283    820   3942   1033   6363   4785   4538   7201   1617   1526   7194   3442   6512    402   8461   9986   9361   3955    272   8966   9611    921   9075   8848   7936   2491   1814   5961   1908   1304   2244    608   9744   2208   7984    883   7574   6755   3311   6765   4438   9226   7029   5121   9826   2133   5506   9605   7518   2565   2175   1458   2075   8843   6708    715    644   3312   7149   7404   7241   6901   3277    821   3963   2349   4498   2166   6024   7258   6075    957   1224   2806   9302    317   9944   9283   8653   7730   8150   7044   2914   6962   1645   6812   7001   9909   4049   1768   9334   7449   1214   1065   8696   1887   5613   8740    981    106   1288   2109   2534   2296   9487   2544   2181   1377   7722   9970   5877    751   4256   6728   7602   8447   6728   7062   3545   8504    144    827   5001   2569   5435   1946   6748   8903   7486   2555   1856   5414   8909   7188   5705   9639    162   2402   9691    595   2751   2380   9538   4167 
